9
9
9
9
9
9
9
9
9
9
9
9
9
9
9
9
9
9
9
9
9
9
9
9
9
9
9
9
9
9
9
9
9
9
9
9
9
9
9
9
9
9
9
9
9
9
9
9
9
9
9
9
9
9
9
9
9
9
9
9
9
9
9
9
9
9
9
9
9
9
9
9
9
9
9
9
9
9
9
9
9
9
9
9
9
9
9
9
9
9
9
9
9
9
9
9
9
9
9
9
9
9
9
9
9
9
9
9
9
9
9
9
9
9
9
9
9
9
9
9
9
9
9
9
9
9
9
9
9
9
9
9
9
9
9
9
9
9
9
9
9
9
9
9
9
9
9
9
9
9
9
9
9
9
9
9
9
9
9
9
9
9
9
9
9
9
9
9
9
9
9
9
9
9
9
9
9
9
9
9
9
9
9
9
9
9
9
9
9
9
9
9
9
9
9
9
9
9
9
9
9
9
9
9
9
9
9
9
9
9
9
9
9
9
9
9
9
9
9
9
9
9
9
9
9
9
9
9
9
9
9
9
9
9
9
9
9
9
9
9
9
9
9
9
9
9
9
9
9
9
9
9
9
9
9
9
9
9
9
9
9
9
9
9
9
9
9
9
9
9
9
9
9
9
9
9
9
9
9
9
9
9
9
9
9
9
9
9
9
9
9
9
9
9
9
9
9
9
9
9
9
9
9
9
9
9
9
9
9
9
9
9
9
9
9
9
9
9
9
9
9
9
9
9
9
9
9
9
9
9
9
9
9
9
9
9
9
9
9
9
9
9
9
9
9
9
9
9
9
9
9
9
9
9
9
9
9
9
9
9
9
8,9972
8,9944
8,9917
8,9889
8,9861
8,9833
8,9806
8,9778
8,975
8,9722
8,9694
8,9667
8,9639
8,9611
8,9583
8,9556
8,9528
8,95
8,9472
8,9444
8,9417
8,9389
8,9361
8,9333
8,9306
8,9278
8,925
8,9222
8,9194
8,9167
8,9139
8,9111
8,9083
8,9056
8,9028
8,9
8,8972
8,8944
8,8917
8,8889
8,8861
8,8833
8,8806
8,8778
8,875
8,8722
8,8694
8,8667
8,8639
8,8611
8,8583
8,8556
8,8528
8,85
8,8472
8,8444
8,8417
8,8389
8,8361
8,8333
8,8306
8,8278
8,825
8,8222
8,8194
8,8167
8,8139
8,8111
8,8083
8,8056
8,8028
8,8
8,7972
8,7944
8,7917
8,7889
8,7861
8,7833
8,7806
8,7778
8,775
8,7722
8,7694
8,7667
8,7639
8,7611
8,7583
8,7556
8,7528
8,75
8,7472
8,7444
8,7417
8,7389
8,7361
8,7333
8,7306
8,7278
8,725
8,7222
8,7194
8,7167
8,7139
8,7111
8,7083
8,7056
8,7028
8,7
8,6972
8,6944
8,6917
8,6889
8,6861
8,6833
8,6806
8,6778
8,675
8,6722
8,6694
8,6667
8,6639
8,6611
8,6583
8,6556
8,6528
8,65
8,6472
8,6444
8,6417
8,6389
8,6361
8,6333
8,6306
8,6278
8,625
8,6222
8,6194
8,6167
8,6139
8,6111
8,6083
8,6056
8,6028
8,6
8,5972
8,5944
8,5917
8,5889
8,5861
8,5833
8,5806
8,5778
8,575
8,5722
8,5694
8,5667
8,5639
8,5611
8,5583
8,5556
8,5528
8,55
8,5472
8,5444
8,5417
8,5389
8,5361
8,5333
8,5306
8,5278
8,525
8,5222
8,5194
8,5167
8,5139
8,5111
8,5083
8,5056
8,5028
8,5
8,4972
8,4944
8,4917
8,4889
8,4861
8,4833
8,4806
8,4778
8,475
8,4722
8,4694
8,4667
8,4639
8,4611
8,4583
8,4556
8,4528
8,45
8,4472
8,4444
8,4417
8,4389
8,4361
8,4333
8,4306
8,4278
8,425
8,4222
8,4194
8,4167
8,4139
8,4111
8,4083
8,4056
8,4028
8,4
8,3972
8,3944
8,3917
8,3889
8,3861
8,3833
8,3806
8,3778
8,375
8,3722
8,3694
8,3667
8,3639
8,3611
8,3583
8,3556
8,3528
8,35
8,3472
8,3444
8,3417
8,3389
8,3361
8,3333
8,3306
8,3278
8,325
8,3222
8,3194
8,3167
8,3139
8,3111
8,3083
8,3056
8,3028
8,3
8,2972
8,2944
8,2917
8,2889
8,2861
8,2833
8,2806
8,2778
8,275
8,2722
8,2694
8,2667
8,2639
8,2611
8,2583
8,2556
8,2528
8,25
8,2472
8,2444
8,2417
8,2389
8,2361
8,2333
8,2306
8,2278
8,225
8,2222
8,2194
8,2167
8,2139
8,2111
8,2083
8,2056
8,2028
8,2
8,1972
8,1944
8,1917
8,1889
8,1861
8,1833
8,1806
8,1778
8,175
8,1722
8,1694
8,1667
8,1639
8,1611
8,1583
8,1556
8,1528
8,15
8,1472
8,1444
8,1417
8,1389
8,1361
8,1333
8,1306
8,1278
8,125
8,1222
8,1194
8,1167
8,1139
8,1111
8,1083
8,1056
8,1028
8,1
8,0972
8,0944
8,0917
8,0889
8,0861
8,0833
8,0806
8,0778
8,075
8,0722
8,0694
8,0667
8,0639
8,0611
8,0583
8,0556
8,0528
8,05
8,0472
8,0444
8,0417
8,0389
8,0361
8,0333
8,0306
8,0278
8,025
8,0222
8,0194
8,0167
8,0139
8,0111
8,0083
8,0056
8,0028
8
8
8
8
8
8
8
8
8
8
8
8
8
8
8
8
8
8
8
8
8
8
8
8
8
8
8
8
8
8
8
8
8
8
8
8
8
8
8
8
8
8
8
8
8
8
8
8
8
8
8
8
8
8
8
8
8
8
8
8
8
8
8
8
8
8
8
8
8
8
8
8
8
8
8
8
8
8
8
8
8
8
8
8
8
8
8
8
8
8
8
8
8
8
8
8
8
8
8
8
8
8
8
8
8
8
8
8
8
8
8
8
8
8
8
8
8
8
8
8
8
8
8
8
8
8
8
8
8
8
8
8
8
8
8
8
8
8
8
8
8
8
8
8
8
8
8
8
8
8
8
8
8
8
8
8
8
8
8
8
8
8
8
8
8
8
8
8
8
8
8
8
8
8
8
8
8
8
8
8
8
8
8
8
8
8
8
8
8
8
8
8
8
8
8
8
8
8
8
8
8
8
8
8
8
8
8
8
8
8
8
8
8
8
8
8
8
8
8
8
8
8
8
8
8
8
8
8
8
8
8
8
8
8
8
8
8
8
8
8
8
8
8
8
8
8
8
8
8
8
8
8
8
8
8
8
8
8
8
8
8
8
8
8
8
8
8
8
8
8
8
8
8
8
8
8
8
8
8
8
8
8
8
8
8
8
8
8
8
8
8
8
8
8
8
8
8
8
8
8
8
8
8
8
8
8
8
8
8
8
8
8
8
8
8
8
8
8
8
8
8
8
8
8
8
8
8
8
8
8
8
8
8
8
8
8
8
8
8
8
8
8
8
8
8
8
8
8
8
8
8
8
8
8
8
8
8
8
8
8
8
7,9972
7,9944
7,9917
7,9889
7,9861
7,9833
7,9806
7,9778
7,975
7,9722
7,9694
7,9667
7,9639
7,9611
7,9583
7,9556
7,9528
7,95
7,9472
7,9444
7,9417
7,9389
7,9361
7,9333
7,9306
7,9278
7,925
7,9222
7,9194
7,9167
7,9139
7,9111
7,9083
7,9056
7,9028
7,9
7,8972
7,8944
7,8917
7,8889
7,8861
7,8833
7,8806
7,8778
7,875
7,8722
7,8694
7,8667
7,8639
7,8611
7,8583
7,8556
7,8528
7,85
7,8472
7,8444
7,8417
7,8389
7,8361
7,8333
7,8306
7,8278
7,825
7,8222
7,8194
7,8167
7,8139
7,8111
7,8083
7,8056
7,8028
7,8
7,7972
7,7944
7,7917
7,7889
7,7861
7,7833
7,7806
7,7778
7,775
7,7722
7,7694
7,7667
7,7639
7,7611
7,7583
7,7556
7,7528
7,75
7,7472
7,7444
7,7417
7,7389
7,7361
7,7333
7,7306
7,7278
7,725
7,7222
7,7194
7,7167
7,7139
7,7111
7,7083
7,7056
7,7028
7,7
7,6972
7,6944
7,6917
7,6889
7,6861
7,6833
7,6806
7,6778
7,675
7,6722
7,6694
7,6667
7,6639
7,6611
7,6583
7,6556
7,6528
7,65
7,6472
7,6444
7,6417
7,6389
7,6361
7,6333
7,6306
7,6278
7,625
7,6222
7,6194
7,6167
7,6139
7,6111
7,6083
7,6056
7,6028
7,6
7,5972
7,5944
7,5917
7,5889
7,5861
7,5833
7,5806
7,5778
7,575
7,5722
7,5694
7,5667
7,5639
7,5611
7,5583
7,5556
7,5528
7,55
7,5472
7,5444
7,5417
7,5389
7,5361
7,5333
7,5306
7,5278
7,525
7,5222
7,5194
7,5167
7,5139
7,5111
7,5083
7,5056
7,5028
7,5
7,4972
7,4944
7,4917
7,4889
7,4861
7,4833
7,4806
7,4778
7,475
7,4722
7,4694
7,4667
7,4639
7,4611
7,4583
7,4556
7,4528
7,45
7,4472
7,4444
7,4417
7,4389
7,4361
7,4333
7,4306
7,4278
7,425
7,4222
7,4194
7,4167
7,4139
7,4111
7,4083
7,4056
7,4028
7,4
7,3972
7,3944
7,3917
7,3889
7,3861
7,3833
7,3806
7,3778
7,375
7,3722
7,3694
7,3667
7,3639
7,3611
7,3583
7,3556
7,3528
7,35
7,3472
7,3444
7,3417
7,3389
7,3361
7,3333
7,3306
7,3278
7,325
7,3222
7,3194
7,3167
7,3139
7,3111
7,3083
7,3056
7,3028
7,3
7,2972
7,2944
7,2917
7,2889
7,2861
7,2833
7,2806
7,2778
7,275
7,2722
7,2694
7,2667
7,2639
7,2611
7,2583
7,2556
7,2528
7,25
7,2472
7,2444
7,2417
7,2389
7,2361
7,2333
7,2306
7,2278
7,225
7,2222
7,2194
7,2167
7,2139
7,2111
7,2083
7,2056
7,2028
7,2
7,1972
7,1944
7,1917
7,1889
7,1861
7,1833
7,1806
7,1778
7,175
7,1722
7,1694
7,1667
7,1639
7,1611
7,1583
7,1556
7,1528
7,15
7,1472
7,1444
7,1417
7,1389
7,1361
7,1333
7,1306
7,1278
7,125
7,1222
7,1194
7,1167
7,1139
7,1111
7,1083
7,1056
7,1028
7,1
7,0972
7,0944
7,0917
7,0889
7,0861
7,0833
7,0806
7,0778
7,075
7,0722
7,0694
7,0667
7,0639
7,0611
7,0583
7,0556
7,0528
7,05
7,0472
7,0444
7,0417
7,0389
7,0361
7,0333
7,0306
7,0278
7,025
7,0222
7,0194
7,0167
7,0139
7,0111
7,0083
7,0056
7,0028
7
7
7
7
7
7
7
7
7
7
7
7
7
7
7
7
7
7
7
7
7
7
7
7
7
7
7
7
7
7
7
7
7
7
7
7
7
7
7
7
7
7
7
7
7
7
7
7
7
7
7
7
7
7
7
7
7
7
7
7
7
7
7
7
7
7
7
7
7
7
7
7
7
7
7
7
7
7
7
7
7
7
7
7
7
7
7
7
7
7
7
7
7
7
7
7
7
7
7
7
7
7
7
7
7
7
7
7
7
7
7
7
7
7
7
7
7
7
7
7
7
7
7
7
7
7
7
7
7
7
7
7
7
7
7
7
7
7
7
7
7
7
7
7
7
7
7
7
7
7
7
7
7
7
7
7
7
7
7
7
7
7
7
7
7
7
7
7
7
7
7
7
7
7
7
7
7
7
7
7
7
7
7
7
7
7
7
7
7
7
7
7
7
7
7
7
7
7
7
7
7
7
7
7
7
7
7
7
7
7
7
7
7
7
7
7
7
7
7
7
7
7
7
7
7
7
7
7
7
7
7
7
7
7
7
7
7
7
7
7
7
7
7
7
7
7
7
7
7
7
7
7
7
7
7
7
7
7
7
7
7
7
7
7
7
7
7
7
7
7
7
7
7
7
7
7
7
7
7
7
7
7
7
7
7
7
7
7
7
7
7
7
7
7
7
7
7
7
7
7
7
7
7
7
7
7
7
7
7
7
7
7
7
7
7
7
7
7
7
7
7
7
7
7
7
7
7
7
7
7
7
7
7
7
7
7
7
7
7
7
7
7
7
7
7
7
7
7
7
7
7
7
7
7
7
7
7
7
7
7
7
6,9972
6,9944
6,9917
6,9889
6,9861
6,9833
6,9806
6,9778
6,975
6,9722
6,9694
6,9667
6,9639
6,9611
6,9583
6,9556
6,9528
6,95
6,9472
6,9444
6,9417
6,9389
6,9361
6,9333
6,9306
6,9278
6,925
6,9222
6,9194
6,9167
6,9139
6,9111
6,9083
6,9056
6,9028
6,9
6,8972
6,8944
6,8917
6,8889
6,8861
6,8833
6,8806
6,8778
6,875
6,8722
6,8694
6,8667
6,8639
6,8611
6,8583
6,8556
6,8528
6,85
6,8472
6,8444
6,8417
6,8389
6,8361
6,8333
6,8306
6,8278
6,825
6,8222
6,8194
6,8167
6,8139
6,8111
6,8083
6,8056
6,8028
6,8
6,7972
6,7944
6,7917
6,7889
6,7861
6,7833
6,7806
6,7778
6,775
6,7722
6,7694
6,7667
6,7639
6,7611
6,7583
6,7556
6,7528
6,75
6,7472
6,7444
6,7417
6,7389
6,7361
6,7333
6,7306
6,7278
6,725
6,7222
6,7194
6,7167
6,7139
6,7111
6,7083
6,7056
6,7028
6,7
6,6972
6,6944
6,6917
6,6889
6,6861
6,6833
6,6806
6,6778
6,675
6,6722
6,6694
6,6667
6,6639
6,6611
6,6583
6,6556
6,6528
6,65
6,6472
6,6444
6,6417
6,6389
6,6361
6,6333
6,6306
6,6278
6,625
6,6222
6,6194
6,6167
6,6139
6,6111
6,6083
6,6056
6,6028
6,6
6,5972
6,5944
6,5917
6,5889
6,5861
6,5833
6,5806
6,5778
6,575
6,5722
6,5694
6,5667
6,5639
6,5611
6,5583
6,5556
6,5528
6,55
6,5472
6,5444
6,5417
6,5389
6,5361
6,5333
6,5306
6,5278
6,525
6,5222
6,5194
6,5167
6,5139
6,5111
6,5083
6,5056
6,5028
6,5
6,4972
6,4944
6,4917
6,4889
6,4861
6,4833
6,4806
6,4778
6,475
6,4722
6,4694
6,4667
6,4639
6,4611
6,4583
6,4556
6,4528
6,45
6,4472
6,4444
6,4417
6,4389
6,4361
6,4333
6,4306
6,4278
6,425
6,4222
6,4194
6,4167
6,4139
6,4111
6,4083
6,4056
6,4028
6,4
6,3972
6,3944
6,3917
6,3889
6,3861
6,3833
6,3806
6,3778
6,375
6,3722
6,3694
6,3667
6,3639
6,3611
6,3583
6,3556
6,3528
6,35
6,3472
6,3444
6,3417
6,3389
6,3361
6,3333
6,3306
6,3278
6,325
6,3222
6,3194
6,3167
6,3139
6,3111
6,3083
6,3056
6,3028
6,3
6,2972
6,2944
6,2917
6,2889
6,2861
6,2833
6,2806
6,2778
6,275
6,2722
6,2694
6,2667
6,2639
6,2611
6,2583
6,2556
6,2528
6,25
6,2472
6,2444
6,2417
6,2389
6,2361
6,2333
6,2306
6,2278
6,225
6,2222
6,2194
6,2167
6,2139
6,2111
6,2083
6,2056
6,2028
6,2
6,1972
6,1944
6,1917
6,1889
6,1861
6,1833
6,1806
6,1778
6,175
6,1722
6,1694
6,1667
6,1639
6,1611
6,1583
6,1556
6,1528
6,15
6,1472
6,1444
6,1417
6,1389
6,1361
6,1333
6,1306
6,1278
6,125
6,1222
6,1194
6,1167
6,1139
6,1111
6,1083
6,1056
6,1028
6,1
6,0972
6,0944
6,0917
6,0889
6,0861
6,0833
6,0806
6,0778
6,075
6,0722
6,0694
6,0667
6,0639
6,0611
6,0583
6,0556
6,0528
6,05
6,0472
6,0444
6,0417
6,0389
6,0361
6,0333
6,0306
6,0278
6,025
6,0222
6,0194
6,0167
6,0139
6,0111
6,0083
6,0056
6,0028
6
6
6
6
6
6
6
6
6
6
6
6
6
6
6
6
6
6
6
6
6
6
6
6
6
6
6
6
6
6
6
6
6
6
6
6
6
6
6
6
6
6
6
6
6
6
6
6
6
6
6
6
6
6
6
6
6
6
6
6
6
6
6
6
6
6
6
6
6
6
6
6
6
6
6
6
6
6
6
6
6
6
6
6
6
6
6
6
6
6
6
6
6
6
6
6
6
6
6
6
6
6
6
6
6
6
6
6
6
6
6
6
6
6
6
6
6
6
6
6
6
6
6
6
6
6
6
6
6
6
6
6
6
6
6
6
6
6
6
6
6
6
6
6
6
6
6
6
6
6
6
6
6
6
6
6
6
6
6
6
6
6
6
6
6
6
6
6
6
6
6
6
6
6
6
6
6
6
6
6
6
6
6
6
6
6
6
6
6
6
6
6
6
6
6
6
6
6
6
6
6
6
6
6
6
6
6
6
6
6
6
6
6
6
6
6
6
6
6
6
6
6
6
6
6
6
6
6
6
6
6
6
6
6
6
6
6
6
6
6
6
6
6
6
6
6
6
6
6
6
6
6
6
6
6
6
6
6
6
6
6
6
6
6
6
6
6
6
6
6
6
6
6
6
6
6
6
6
6
6
6
6
6
6
6
6
6
6
6
6
6
6
6
6
6
6
6
6
6
6
6
6
6
6
6
6
6
6
6
6
6
6
6
6
6
6
6
6
6
6
6
6
6
6
6
6
6
6
6
6
6
6
6
6
6
6
6
6
6
6
6
6
6
6
6
6
6
6
6
6
6
6
6
6
6
6
6
6
6
6
6
6,0028
6,0056
6,0083
6,0111
6,0139
6,0167
6,0194
6,0222
6,025
6,0278
6,0306
6,0333
6,0361
6,0389
6,0417
6,0444
6,0472
6,05
6,0528
6,0556
6,0583
6,0611
6,0639
6,0667
6,0694
6,0722
6,075
6,0778
6,0806
6,0833
6,0861
6,0889
6,0917
6,0944
6,0972
6,1
6,1028
6,1056
6,1083
6,1111
6,1139
6,1167
6,1194
6,1222
6,125
6,1278
6,1306
6,1333
6,1361
6,1389
6,1417
6,1444
6,1472
6,15
6,1528
6,1556
6,1583
6,1611
6,1639
6,1667
6,1694
6,1722
6,175
6,1778
6,1806
6,1833
6,1861
6,1889
6,1917
6,1944
6,1972
6,2
6,2028
6,2056
6,2083
6,2111
6,2139
6,2167
6,2194
6,2222
6,225
6,2278
6,2306
6,2333
6,2361
6,2389
6,2417
6,2444
6,2472
6,25
6,2528
6,2556
6,2583
6,2611
6,2639
6,2667
6,2694
6,2722
6,275
6,2778
6,2806
6,2833
6,2861
6,2889
6,2917
6,2944
6,2972
6,3
6,3028
6,3056
6,3083
6,3111
6,3139
6,3167
6,3194
6,3222
6,325
6,3278
6,3306
6,3333
6,3361
6,3389
6,3417
6,3444
6,3472
6,35
6,3528
6,3556
6,3583
6,3611
6,3639
6,3667
6,3694
6,3722
6,375
6,3778
6,3806
6,3833
6,3861
6,3889
6,3917
6,3944
6,3972
6,4
6,4028
6,4056
6,4083
6,4111
6,4139
6,4167
6,4194
6,4222
6,425
6,4278
6,4306
6,4333
6,4361
6,4389
6,4417
6,4444
6,4472
6,45
6,4528
6,4556
6,4583
6,4611
6,4639
6,4667
6,4694
6,4722
6,475
6,4778
6,4806
6,4833
6,4861
6,4889
6,4917
6,4944
6,4972
6,5
6,5028
6,5056
6,5083
6,5111
6,5139
6,5167
6,5194
6,5222
6,525
6,5278
6,5306
6,5333
6,5361
6,5389
6,5417
6,5444
6,5472
6,55
6,5528
6,5556
6,5583
6,5611
6,5639
6,5667
6,5694
6,5722
6,575
6,5778
6,5806
6,5833
6,5861
6,5889
6,5917
6,5944
6,5972
6,6
6,6028
6,6056
6,6083
6,6111
6,6139
6,6167
6,6194
6,6222
6,625
6,6278
6,6306
6,6333
6,6361
6,6389
6,6417
6,6444
6,6472
6,65
6,6528
6,6556
6,6583
6,6611
6,6639
6,6667
6,6694
6,6722
6,675
6,6778
6,6806
6,6833
6,6861
6,6889
6,6917
6,6944
6,6972
6,7
6,7028
6,7056
6,7083
6,7111
6,7139
6,7167
6,7194
6,7222
6,725
6,7278
6,7306
6,7333
6,7361
6,7389
6,7417
6,7444
6,7472
6,75
6,7528
6,7556
6,7583
6,7611
6,7639
6,7667
6,7694
6,7722
6,775
6,7778
6,7806
6,7833
6,7861
6,7889
6,7917
6,7944
6,7972
6,8
6,8028
6,8056
6,8083
6,8111
6,8139
6,8167
6,8194
6,8222
6,825
6,8278
6,8306
6,8333
6,8361
6,8389
6,8417
6,8444
6,8472
6,85
6,8528
6,8556
6,8583
6,8611
6,8639
6,8667
6,8694
6,8722
6,875
6,8778
6,8806
6,8833
6,8861
6,8889
6,8917
6,8944
6,8972
6,9
6,9028
6,9056
6,9083
6,9111
6,9139
6,9167
6,9194
6,9222
6,925
6,9278
6,9306
6,9333
6,9361
6,9389
6,9417
6,9444
6,9472
6,95
6,9528
6,9556
6,9583
6,9611
6,9639
6,9667
6,9694
6,9722
6,975
6,9778
6,9806
6,9833
6,9861
6,9889
6,9917
6,9944
6,9972
7
7,0028
7,0056
7,0083
7,0111
7,0139
7,0167
7,0194
7,0222
7,025
7,0278
7,0306
7,0333
7,0361
7,0389
7,0417
7,0444
7,0472
7,05
7,0528
7,0556
7,0583
7,0611
7,0639
7,0667
7,0694
7,0722
7,075
7,0778
7,0806
7,0833
7,0861
7,0889
7,0917
7,0944
7,0972
7,1
7,1028
7,1056
7,1083
7,1111
7,1139
7,1167
7,1194
7,1222
7,125
7,1278
7,1306
7,1333
7,1361
7,1389
7,1417
7,1444
7,1472
7,15
7,1528
7,1556
7,1583
7,1611
7,1639
7,1667
7,1694
7,1722
7,175
7,1778
7,1806
7,1833
7,1861
7,1889
7,1917
7,1944
7,1972
7,2
7,2028
7,2056
7,2083
7,2111
7,2139
7,2167
7,2194
7,2222
7,225
7,2278
7,2306
7,2333
7,2361
7,2389
7,2417
7,2444
7,2472
7,25
7,2528
7,2556
7,2583
7,2611
7,2639
7,2667
7,2694
7,2722
7,275
7,2778
7,2806
7,2833
7,2861
7,2889
7,2917
7,2944
7,2972
7,3
7,3028
7,3056
7,3083
7,3111
7,3139
7,3167
7,3194
7,3222
7,325
7,3278
7,3306
7,3333
7,3361
7,3389
7,3417
7,3444
7,3472
7,35
7,3528
7,3556
7,3583
7,3611
7,3639
7,3667
7,3694
7,3722
7,375
7,3778
7,3806
7,3833
7,3861
7,3889
7,3917
7,3944
7,3972
7,4
7,4028
7,4056
7,4083
7,4111
7,4139
7,4167
7,4194
7,4222
7,425
7,4278
7,4306
7,4333
7,4361
7,4389
7,4417
7,4444
7,4472
7,45
7,4528
7,4556
7,4583
7,4611
7,4639
7,4667
7,4694
7,4722
7,475
7,4778
7,4806
7,4833
7,4861
7,4889
7,4917
7,4944
7,4972
7,5
7,5028
7,5056
7,5083
7,5111
7,5139
7,5167
7,5194
7,5222
7,525
7,5278
7,5306
7,5333
7,5361
7,5389
7,5417
7,5444
7,5472
7,55
7,5528
7,5556
7,5583
7,5611
7,5639
7,5667
7,5694
7,5722
7,575
7,5778
7,5806
7,5833
7,5861
7,5889
7,5917
7,5944
7,5972
7,6
7,6028
7,6056
7,6083
7,6111
7,6139
7,6167
7,6194
7,6222
7,625
7,6278
7,6306
7,6333
7,6361
7,6389
7,6417
7,6444
7,6472
7,65
7,6528
7,6556
7,6583
7,6611
7,6639
7,6667
7,6694
7,6722
7,675
7,6778
7,6806
7,6833
7,6861
7,6889
7,6917
7,6944
7,6972
7,7
7,7028
7,7056
7,7083
7,7111
7,7139
7,7167
7,7194
7,7222
7,725
7,7278
7,7306
7,7333
7,7361
7,7389
7,7417
7,7444
7,7472
7,75
7,7528
7,7556
7,7583
7,7611
7,7639
7,7667
7,7694
7,7722
7,775
7,7778
7,7806
7,7833
7,7861
7,7889
7,7917
7,7944
7,7972
7,8
7,8028
7,8056
7,8083
7,8111
7,8139
7,8167
7,8194
7,8222
7,825
7,8278
7,8306
7,8333
7,8361
7,8389
7,8417
7,8444
7,8472
7,85
7,8528
7,8556
7,8583
7,8611
7,8639
7,8667
7,8694
7,8722
7,875
7,8778
7,8806
7,8833
7,8861
7,8889
7,8917
7,8944
7,8972
7,9
7,9028
7,9056
7,9083
7,9111
7,9139
7,9167
7,9194
7,9222
7,925
7,9278
7,9306
7,9333
7,9361
7,9389
7,9417
7,9444
7,9472
7,95
7,9528
7,9556
7,9583
7,9611
7,9639
7,9667
7,9694
7,9722
7,975
7,9778
7,9806
7,9833
7,9861
7,9889
7,9917
7,9944
7,9972
8
8,0028
8,0056
8,0083
8,0111
8,0139
8,0167
8,0194
8,0222
8,025
8,0278
8,0306
8,0333
8,0361
8,0389
8,0417
8,0444
8,0472
8,05
8,0528
8,0556
8,0583
8,0611
8,0639
8,0667
8,0694
8,0722
8,075
8,0778
8,0806
8,0833
8,0861
8,0889
8,0917
8,0944
8,0972
8,1
8,1028
8,1056
8,1083
8,1111
8,1139
8,1167
8,1194
8,1222
8,125
8,1278
8,1306
8,1333
8,1361
8,1389
8,1417
8,1444
8,1472
8,15
8,1528
8,1556
8,1583
8,1611
8,1639
8,1667
8,1694
8,1722
8,175
8,1778
8,1806
8,1833
8,1861
8,1889
8,1917
8,1944
8,1972
8,2
8,2028
8,2056
8,2083
8,2111
8,2139
8,2167
8,2194
8,2222
8,225
8,2278
8,2306
8,2333
8,2361
8,2389
8,2417
8,2444
8,2472
8,25
8,2528
8,2556
8,2583
8,2611
8,2639
8,2667
8,2694
8,2722
8,275
8,2778
8,2806
8,2833
8,2861
8,2889
8,2917
8,2944
8,2972
8,3
8,3028
8,3056
8,3083
8,3111
8,3139
8,3167
8,3194
8,3222
8,325
8,3278
8,3306
8,3333
8,3361
8,3389
8,3417
8,3444
8,3472
8,35
8,3528
8,3556
8,3583
8,3611
8,3639
8,3667
8,3694
8,3722
8,375
8,3778
8,3806
8,3833
8,3861
8,3889
8,3917
8,3944
8,3972
8,4
8,4028
8,4056
8,4083
8,4111
8,4139
8,4167
8,4194
8,4222
8,425
8,4278
8,4306
8,4333
8,4361
8,4389
8,4417
8,4444
8,4472
8,45
8,4528
8,4556
8,4583
8,4611
8,4639
8,4667
8,4694
8,4722
8,475
8,4778
8,4806
8,4833
8,4861
8,4889
8,4917
8,4944
8,4972
8,5
8,5028
8,5056
8,5083
8,5111
8,5139
8,5167
8,5194
8,5222
8,525
8,5278
8,5306
8,5333
8,5361
8,5389
8,5417
8,5444
8,5472
8,55
8,5528
8,5556
8,5583
8,5611
8,5639
8,5667
8,5694
8,5722
8,575
8,5778
8,5806
8,5833
8,5861
8,5889
8,5917
8,5944
8,5972
8,6
8,6028
8,6056
8,6083
8,6111
8,6139
8,6167
8,6194
8,6222
8,625
8,6278
8,6306
8,6333
8,6361
8,6389
8,6417
8,6444
8,6472
8,65
8,6528
8,6556
8,6583
8,6611
8,6639
8,6667
8,6694
8,6722
8,675
8,6778
8,6806
8,6833
8,6861
8,6889
8,6917
8,6944
8,6972
8,7
8,7028
8,7056
8,7083
8,7111
8,7139
8,7167
8,7194
8,7222
8,725
8,7278
8,7306
8,7333
8,7361
8,7389
8,7417
8,7444
8,7472
8,75
8,7528
8,7556
8,7583
8,7611
8,7639
8,7667
8,7694
8,7722
8,775
8,7778
8,7806
8,7833
8,7861
8,7889
8,7917
8,7944
8,7972
8,8
8,8028
8,8056
8,8083
8,8111
8,8139
8,8167
8,8194
8,8222
8,825
8,8278
8,8306
8,8333
8,8361
8,8389
8,8417
8,8444
8,8472
8,85
8,8528
8,8556
8,8583
8,8611
8,8639
8,8667
8,8694
8,8722
8,875
8,8778
8,8806
8,8833
8,8861
8,8889
8,8917
8,8944
8,8972
8,9
8,9028
8,9056
8,9083
8,9111
8,9139
8,9167
8,9194
8,9222
8,925
8,9278
8,9306
8,9333
8,9361
8,9389
8,9417
8,9444
8,9472
8,95
8,9528
8,9556
8,9583
8,9611
8,9639
8,9667
8,9694
8,9722
8,975
8,9778
8,9806
8,9833
8,9861
8,9889
8,9917
8,9944
8,9972
9
9,0083
9,0167
9,025
9,0333
9,0417
9,05
9,0583
9,0667
9,075
9,0833
9,0917
9,1
9,1083
9,1167
9,125
9,1333
9,1417
9,15
9,1583
9,1667
9,175
9,1833
9,1917
9,2
9,2083
9,2167
9,225
9,2333
9,2417
9,25
9,2583
9,2667
9,275
9,2833
9,2917
9,3
9,3083
9,3167
9,325
9,3333
9,3417
9,35
9,3583
9,3667
9,375
9,3833
9,3917
9,4
9,4083
9,4167
9,425
9,4333
9,4417
9,45
9,4583
9,4667
9,475
9,4833
9,4917
9,5
9,5083
9,5167
9,525
9,5333
9,5417
9,55
9,5583
9,5667
9,575
9,5833
9,5917
9,6
9,6083
9,6167
9,625
9,6333
9,6417
9,65
9,6583
9,6667
9,675
9,6833
9,6917
9,7
9,7083
9,7167
9,725
9,7333
9,7417
9,75
9,7583
9,7667
9,775
9,7833
9,7917
9,8
9,8083
9,8167
9,825
9,8333
9,8417
9,85
9,8583
9,8667
9,875
9,8833
9,8917
9,9
9,9083
9,9167
9,925
9,9333
9,9417
9,95
9,9583
9,9667
9,975
9,9833
9,9917
10
10,0083
10,0167
10,025
10,0333
10,0417
10,05
10,0583
10,0667
10,075
10,0833
10,0917
10,1
10,1083
10,1167
10,125
10,1333
10,1417
10,15
10,1583
10,1667
10,175
10,1833
10,1917
10,2
10,2083
10,2167
10,225
10,2333
10,2417
10,25
10,2583
10,2667
10,275
10,2833
10,2917
10,3
10,3083
10,3167
10,325
10,3333
10,3417
10,35
10,3583
10,3667
10,375
10,3833
10,3917
10,4
10,4083
10,4167
10,425
10,4333
10,4417
10,45
10,4583
10,4667
10,475
10,4833
10,4917
10,5
10,5083
10,5167
10,525
10,5333
10,5417
10,55
10,5583
10,5667
10,575
10,5833
10,5917
10,6
10,6083
10,6167
10,625
10,6333
10,6417
10,65
10,6583
10,6667
10,675
10,6833
10,6917
10,7
10,7083
10,7167
10,725
10,7333
10,7417
10,75
10,7583
10,7667
10,775
10,7833
10,7917
10,8
10,8083
10,8167
10,825
10,8333
10,8417
10,85
10,8583
10,8667
10,875
10,8833
10,8917
10,9
10,9083
10,9167
10,925
10,9333
10,9417
10,95
10,9583
10,9667
10,975
10,9833
10,9917
11
11,0083
11,0167
11,025
11,0333
11,0417
11,05
11,0583
11,0667
11,075
11,0833
11,0917
11,1
11,1083
11,1167
11,125
11,1333
11,1417
11,15
11,1583
11,1667
11,175
11,1833
11,1917
11,2
11,2083
11,2167
11,225
11,2333
11,2417
11,25
11,2583
11,2667
11,275
11,2833
11,2917
11,3
11,3083
11,3167
11,325
11,3333
11,3417
11,35
11,3583
11,3667
11,375
11,3833
11,3917
11,4
11,4083
11,4167
11,425
11,4333
11,4417
11,45
11,4583
11,4667
11,475
11,4833
11,4917
11,5
11,5083
11,5167
11,525
11,5333
11,5417
11,55
11,5583
11,5667
11,575
11,5833
11,5917
11,6
11,6083
11,6167
11,625
11,6333
11,6417
11,65
11,6583
11,6667
11,675
11,6833
11,6917
11,7
11,7083
11,7167
11,725
11,7333
11,7417
11,75
11,7583
11,7667
11,775
11,7833
11,7917
11,8
11,8083
11,8167
11,825
11,8333
11,8417
11,85
11,8583
11,8667
11,875
11,8833
11,8917
11,9
11,9083
11,9167
11,925
11,9333
11,9417
11,95
11,9583
11,9667
11,975
11,9833
11,9917
12
12,0056
12,0111
12,0167
12,0222
12,0278
12,0333
12,0389
12,0444
12,05
12,0556
12,0611
12,0667
12,0722
12,0778
12,0833
12,0889
12,0944
12,1
12,1056
12,1111
12,1167
12,1222
12,1278
12,1333
12,1389
12,1444
12,15
12,1556
12,1611
12,1667
12,1722
12,1778
12,1833
12,1889
12,1944
12,2
12,2056
12,2111
12,2167
12,2222
12,2278
12,2333
12,2389
12,2444
12,25
12,2556
12,2611
12,2667
12,2722
12,2778
12,2833
12,2889
12,2944
12,3
12,3056
12,3111
12,3167
12,3222
12,3278
12,3333
12,3389
12,3444
12,35
12,3556
12,3611
12,3667
12,3722
12,3778
12,3833
12,3889
12,3944
12,4
12,4056
12,4111
12,4167
12,4222
12,4278
12,4333
12,4389
12,4444
12,45
12,4556
12,4611
12,4667
12,4722
12,4778
12,4833
12,4889
12,4944
12,5
12,5056
12,5111
12,5167
12,5222
12,5278
12,5333
12,5389
12,5444
12,55
12,5556
12,5611
12,5667
12,5722
12,5778
12,5833
12,5889
12,5944
12,6
12,6056
12,6111
12,6167
12,6222
12,6278
12,6333
12,6389
12,6444
12,65
12,6556
12,6611
12,6667
12,6722
12,6778
12,6833
12,6889
12,6944
12,7
12,7056
12,7111
12,7167
12,7222
12,7278
12,7333
12,7389
12,7444
12,75
12,7556
12,7611
12,7667
12,7722
12,7778
12,7833
12,7889
12,7944
12,8
12,8056
12,8111
12,8167
12,8222
12,8278
12,8333
12,8389
12,8444
12,85
12,8556
12,8611
12,8667
12,8722
12,8778
12,8833
12,8889
12,8944
12,9
12,9056
12,9111
12,9167
12,9222
12,9278
12,9333
12,9389
12,9444
12,95
12,9556
12,9611
12,9667
12,9722
12,9778
12,9833
12,9889
12,9944
13
13,0056
13,0111
13,0167
13,0222
13,0278
13,0333
13,0389
13,0444
13,05
13,0556
13,0611
13,0667
13,0722
13,0778
13,0833
13,0889
13,0944
13,1
13,1056
13,1111
13,1167
13,1222
13,1278
13,1333
13,1389
13,1444
13,15
13,1556
13,1611
13,1667
13,1722
13,1778
13,1833
13,1889
13,1944
13,2
13,2056
13,2111
13,2167
13,2222
13,2278
13,2333
13,2389
13,2444
13,25
13,2556
13,2611
13,2667
13,2722
13,2778
13,2833
13,2889
13,2944
13,3
13,3056
13,3111
13,3167
13,3222
13,3278
13,3333
13,3389
13,3444
13,35
13,3556
13,3611
13,3667
13,3722
13,3778
13,3833
13,3889
13,3944
13,4
13,4056
13,4111
13,4167
13,4222
13,4278
13,4333
13,4389
13,4444
13,45
13,4556
13,4611
13,4667
13,4722
13,4778
13,4833
13,4889
13,4944
13,5
13,5056
13,5111
13,5167
13,5222
13,5278
13,5333
13,5389
13,5444
13,55
13,5556
13,5611
13,5667
13,5722
13,5778
13,5833
13,5889
13,5944
13,6
13,6056
13,6111
13,6167
13,6222
13,6278
13,6333
13,6389
13,6444
13,65
13,6556
13,6611
13,6667
13,6722
13,6778
13,6833
13,6889
13,6944
13,7
13,7056
13,7111
13,7167
13,7222
13,7278
13,7333
13,7389
13,7444
13,75
13,7556
13,7611
13,7667
13,7722
13,7778
13,7833
13,7889
13,7944
13,8
13,8056
13,8111
13,8167
13,8222
13,8278
13,8333
13,8389
13,8444
13,85
13,8556
13,8611
13,8667
13,8722
13,8778
13,8833
13,8889
13,8944
13,9
13,9056
13,9111
13,9167
13,9222
13,9278
13,9333
13,9389
13,9444
13,95
13,9556
13,9611
13,9667
13,9722
13,9778
13,9833
13,9889
13,9944
14
14,0056
14,0111
14,0167
14,0222
14,0278
14,0333
14,0389
14,0444
14,05
14,0556
14,0611
14,0667
14,0722
14,0778
14,0833
14,0889
14,0944
14,1
14,1056
14,1111
14,1167
14,1222
14,1278
14,1333
14,1389
14,1444
14,15
14,1556
14,1611
14,1667
14,1722
14,1778
14,1833
14,1889
14,1944
14,2
14,2056
14,2111
14,2167
14,2222
14,2278
14,2333
14,2389
14,2444
14,25
14,2556
14,2611
14,2667
14,2722
14,2778
14,2833
14,2889
14,2944
14,3
14,3056
14,3111
14,3167
14,3222
14,3278
14,3333
14,3389
14,3444
14,35
14,3556
14,3611
14,3667
14,3722
14,3778
14,3833
14,3889
14,3944
14,4
14,4056
14,4111
14,4167
14,4222
14,4278
14,4333
14,4389
14,4444
14,45
14,4556
14,4611
14,4667
14,4722
14,4778
14,4833
14,4889
14,4944
14,5
14,5056
14,5111
14,5167
14,5222
14,5278
14,5333
14,5389
14,5444
14,55
14,5556
14,5611
14,5667
14,5722
14,5778
14,5833
14,5889
14,5944
14,6
14,6056
14,6111
14,6167
14,6222
14,6278
14,6333
14,6389
14,6444
14,65
14,6556
14,6611
14,6667
14,6722
14,6778
14,6833
14,6889
14,6944
14,7
14,7056
14,7111
14,7167
14,7222
14,7278
14,7333
14,7389
14,7444
14,75
14,7556
14,7611
14,7667
14,7722
14,7778
14,7833
14,7889
14,7944
14,8
14,8056
14,8111
14,8167
14,8222
14,8278
14,8333
14,8389
14,8444
14,85
14,8556
14,8611
14,8667
14,8722
14,8778
14,8833
14,8889
14,8944
14,9
14,9056
14,9111
14,9167
14,9222
14,9278
14,9333
14,9389
14,9444
14,95
14,9556
14,9611
14,9667
14,9722
14,9778
14,9833
14,9889
14,9944
15
15,0056
15,0111
15,0167
15,0222
15,0278
15,0333
15,0389
15,0444
15,05
15,0556
15,0611
15,0667
15,0722
15,0778
15,0833
15,0889
15,0944
15,1
15,1056
15,1111
15,1167
15,1222
15,1278
15,1333
15,1389
15,1444
15,15
15,1556
15,1611
15,1667
15,1722
15,1778
15,1833
15,1889
15,1944
15,2
15,2056
15,2111
15,2167
15,2222
15,2278
15,2333
15,2389
15,2444
15,25
15,2556
15,2611
15,2667
15,2722
15,2778
15,2833
15,2889
15,2944
15,3
15,3056
15,3111
15,3167
15,3222
15,3278
15,3333
15,3389
15,3444
15,35
15,3556
15,3611
15,3667
15,3722
15,3778
15,3833
15,3889
15,3944
15,4
15,4056
15,4111
15,4167
15,4222
15,4278
15,4333
15,4389
15,4444
15,45
15,4556
15,4611
15,4667
15,4722
15,4778
15,4833
15,4889
15,4944
15,5
15,5056
15,5111
15,5167
15,5222
15,5278
15,5333
15,5389
15,5444
15,55
15,5556
15,5611
15,5667
15,5722
15,5778
15,5833
15,5889
15,5944
15,6
15,6056
15,6111
15,6167
15,6222
15,6278
15,6333
15,6389
15,6444
15,65
15,6556
15,6611
15,6667
15,6722
15,6778
15,6833
15,6889
15,6944
15,7
15,7056
15,7111
15,7167
15,7222
15,7278
15,7333
15,7389
15,7444
15,75
15,7556
15,7611
15,7667
15,7722
15,7778
15,7833
15,7889
15,7944
15,8
15,8056
15,8111
15,8167
15,8222
15,8278
15,8333
15,8389
15,8444
15,85
15,8556
15,8611
15,8667
15,8722
15,8778
15,8833
15,8889
15,8944
15,9
15,9056
15,9111
15,9167
15,9222
15,9278
15,9333
15,9389
15,9444
15,95
15,9556
15,9611
15,9667
15,9722
15,9778
15,9833
15,9889
15,9944
16
16
16
16
16
16
16
16
16
16
16
16
16
16
16
16
16
16
16
16
16
16
16
16
16
16
16
16
16
16
16
16
16
16
16
16
16
16
16
16
16
16
16
16
16
16
16
16
16
16
16
16
16
16
16
16
16
16
16
16
16
16
16
16
16
16
16
16
16
16
16
16
16
16
16
16
16
16
16
16
16
16
16
16
16
16
16
16
16
16
16
16
16
16
16
16
16
16
16
16
16
16
16
16
16
16
16
16
16
16
16
16
16
16
16
16
16
16
16
16
16
16
16
16
16
16
16
16
16
16
16
16
16
16
16
16
16
16
16
16
16
16
16
16
16
16
16
16
16
16
16
16
16
16
16
16
16
16
16
16
16
16
16
16
16
16
16
16
16
16
16
16
16
16
16
16
16
16
16
16
16
16
16
16
16
16
16
16
16
16
16
16
16
16
16
16
16
16
16
16
16
16
16
16
16
16
16
16
16
16
16
16
16
16
16
16
16
16
16
16
16
16
16
16
16
16
16
16
16
16
16
16
16
16
16
16
16
16
16
16
16
16
16
16
16
16
16
16
16
16
16
16
16
16
16
16
16
16
16
16
16
16
16
16
16
16
16
16
16
16
16
16
16
16
16
16
16
16
16
16
16
16
16
16
16
16
16
16
16
16
16
16
16
16
16
16
16
16
16
16
16
16
16
16
16
16
16
16
16
16
16
16
16
16
16
16
16
16
16
16
16
16
16
16
16
16
16
16
16
16
16
16
16
16
16
16
16
16
16
16
16
16
16
16
16
16
16
16
16
16
16
16
16
16
16
16
16
16
16
16
16
16
16
16
16
16
16
16
16
16
16
16
16
16
16
16
16
16
16
16
16
16
16
16
16
16
16
16
16
16
16
16
16
16
16
16
16
16
16
16
16
16
16
16
16
16
16
16
16
16
16
16
16
16
16
16
16
16
16
16
16
16
16
16
16
16
16
16
16
16
16
16
16
16
16
16
16
16
16
16
16
16
16
16
16
16
16
16
16
16
16
16
16
16
16
16
16
16
16
16
16
16
16
16
16
16
16
16
16
16
16
16
16
16
16
16
16
16
16
16
16
16
16
16
16
16
16
16
16
16
16
16
16
16
16
16
16
16
16
16
16
16
16
16
16
16
16
16
16
16
16
16
16
16
16
16
16
16
16
16
16
16
16
16
16
16
16
16
16
16
16
16
16
16
16
16
16
16
16
16
16
16
16
16
16
16
16
16
16
16
16
16
16
16
16
16
16
16
16
16
16
16
16
16
16
16
16
16
16
16
16
16
16
16
16
16
16
16
16
16
16
16
16
16
16
16
16
16
16
16
16
16
16
16
16
16
16
16
16
16
16
16
16
16
16
16
16
16
16
16
16
16
16
16
16
16
16
16
16
16
16
16
16
16
16
16
16
16
16
16
16
16
16
16
16
16
16
16
16
16
16
16
16
16
16
16
16
16
16
16
16
16
16
16
16
16
16
16
16
16
16
16
16
16
16
16
16
16
16
16
16
16
16
16
16
16
16
16
16
16
16
16
16
16
16
16
16
16
16
16
16
16
16
16
16
16
16
16
16
16
16
16
16
16
16
16
16
16
16
16
16
16
16
16
16
16
16
16
16
16
16
16
16
16
16
16
16
16
16
16
16
16
16
16
16
16
16
16
16
16
16
16
16
16
16
16
16
16
16
16
16
16
16
16
16
16
16
16
16
16
16
16
16
16
16
16
16
16
16
16
16
16
16
16
16
16
16
16
16
16
16
16
16
16
16
16
16
16
16
16
16
16
16
16
16
16
16
16
16
16
16
16
16
16
16
16
16
16
16
16
16
16
16
16
16
16
16
16
16
16
16
16
16
16
16
16
16
16
16
16
16
16
16
16
16
16
16
16
16
16
16
16
16
16
16
16
16
16
16
16
16
16
16
16
16
16
16
16
16
16
16
16
16
16
16
16
16
16
16
16
16
16
16
16
16
16
16
16
16
16
16
16
16
16
16
16
16
16
16
16
16
16
16
16
16
16
16
16
16
16
16
16
16
16
16
16
16
16
16
16
16
16
16
16
16
16
16
16
16
16
16
16
16
16
16
16
16
16
16
16
16
16
16
16
16
16
16
16
16
16
16
16
16
16
16
16
16
16
16
16
16
16
16
16
16
16
16
16
16
16
16
16
16
16
16
16
16
16
16
16
16
16
16
16
16
16
16
16
16
16
16
16
16
16
16
16
16
16
16
16
16
16
16
16
16
16
16
16
16
16
16
16
16
16
16
16
16
16
16
16
16
16
16
16
16
16
16
16
16
16
16
16
16
16
16
16
16
16
16
16
16
16
16
16
16
16
16
16
16
16
16
16
16
16
16
16
16
16
16
16
16
16
16
16
16
16
16
16
16
16
16
16
16
16
16
16
16
16
16
16
16
16
16
16
16
16
16
16
16
16
16
15,9972
15,9944
15,9917
15,9889
15,9861
15,9833
15,9806
15,9778
15,975
15,9722
15,9694
15,9667
15,9639
15,9611
15,9583
15,9556
15,9528
15,95
15,9472
15,9444
15,9417
15,9389
15,9361
15,9333
15,9306
15,9278
15,925
15,9222
15,9194
15,9167
15,9139
15,9111
15,9083
15,9056
15,9028
15,9
15,8972
15,8944
15,8917
15,8889
15,8861
15,8833
15,8806
15,8778
15,875
15,8722
15,8694
15,8667
15,8639
15,8611
15,8583
15,8556
15,8528
15,85
15,8472
15,8444
15,8417
15,8389
15,8361
15,8333
15,8306
15,8278
15,825
15,8222
15,8194
15,8167
15,8139
15,8111
15,8083
15,8056
15,8028
15,8
15,7972
15,7944
15,7917
15,7889
15,7861
15,7833
15,7806
15,7778
15,775
15,7722
15,7694
15,7667
15,7639
15,7611
15,7583
15,7556
15,7528
15,75
15,7472
15,7444
15,7417
15,7389
15,7361
15,7333
15,7306
15,7278
15,725
15,7222
15,7194
15,7167
15,7139
15,7111
15,7083
15,7056
15,7028
15,7
15,6972
15,6944
15,6917
15,6889
15,6861
15,6833
15,6806
15,6778
15,675
15,6722
15,6694
15,6667
15,6639
15,6611
15,6583
15,6556
15,6528
15,65
15,6472
15,6444
15,6417
15,6389
15,6361
15,6333
15,6306
15,6278
15,625
15,6222
15,6194
15,6167
15,6139
15,6111
15,6083
15,6056
15,6028
15,6
15,5972
15,5944
15,5917
15,5889
15,5861
15,5833
15,5806
15,5778
15,575
15,5722
15,5694
15,5667
15,5639
15,5611
15,5583
15,5556
15,5528
15,55
15,5472
15,5444
15,5417
15,5389
15,5361
15,5333
15,5306
15,5278
15,525
15,5222
15,5194
15,5167
15,5139
15,5111
15,5083
15,5056
15,5028
15,5
15,4972
15,4944
15,4917
15,4889
15,4861
15,4833
15,4806
15,4778
15,475
15,4722
15,4694
15,4667
15,4639
15,4611
15,4583
15,4556
15,4528
15,45
15,4472
15,4444
15,4417
15,4389
15,4361
15,4333
15,4306
15,4278
15,425
15,4222
15,4194
15,4167
15,4139
15,4111
15,4083
15,4056
15,4028
15,4
15,3972
15,3944
15,3917
15,3889
15,3861
15,3833
15,3806
15,3778
15,375
15,3722
15,3694
15,3667
15,3639
15,3611
15,3583
15,3556
15,3528
15,35
15,3472
15,3444
15,3417
15,3389
15,3361
15,3333
15,3306
15,3278
15,325
15,3222
15,3194
15,3167
15,3139
15,3111
15,3083
15,3056
15,3028
15,3
15,2972
15,2944
15,2917
15,2889
15,2861
15,2833
15,2806
15,2778
15,275
15,2722
15,2694
15,2667
15,2639
15,2611
15,2583
15,2556
15,2528
15,25
15,2472
15,2444
15,2417
15,2389
15,2361
15,2333
15,2306
15,2278
15,225
15,2222
15,2194
15,2167
15,2139
15,2111
15,2083
15,2056
15,2028
15,2
15,1972
15,1944
15,1917
15,1889
15,1861
15,1833
15,1806
15,1778
15,175
15,1722
15,1694
15,1667
15,1639
15,1611
15,1583
15,1556
15,1528
15,15
15,1472
15,1444
15,1417
15,1389
15,1361
15,1333
15,1306
15,1278
15,125
15,1222
15,1194
15,1167
15,1139
15,1111
15,1083
15,1056
15,1028
15,1
15,0972
15,0944
15,0917
15,0889
15,0861
15,0833
15,0806
15,0778
15,075
15,0722
15,0694
15,0667
15,0639
15,0611
15,0583
15,0556
15,0528
15,05
15,0472
15,0444
15,0417
15,0389
15,0361
15,0333
15,0306
15,0278
15,025
15,0222
15,0194
15,0167
15,0139
15,0111
15,0083
15,0056
15,0028
15
14,9972
14,9944
14,9917
14,9889
14,9861
14,9833
14,9806
14,9778
14,975
14,9722
14,9694
14,9667
14,9639
14,9611
14,9583
14,9556
14,9528
14,95
14,9472
14,9444
14,9417
14,9389
14,9361
14,9333
14,9306
14,9278
14,925
14,9222
14,9194
14,9167
14,9139
14,9111
14,9083
14,9056
14,9028
14,9
14,8972
14,8944
14,8917
14,8889
14,8861
14,8833
14,8806
14,8778
14,875
14,8722
14,8694
14,8667
14,8639
14,8611
14,8583
14,8556
14,8528
14,85
14,8472
14,8444
14,8417
14,8389
14,8361
14,8333
14,8306
14,8278
14,825
14,8222
14,8194
14,8167
14,8139
14,8111
14,8083
14,8056
14,8028
14,8
14,7972
14,7944
14,7917
14,7889
14,7861
14,7833
14,7806
14,7778
14,775
14,7722
14,7694
14,7667
14,7639
14,7611
14,7583
14,7556
14,7528
14,75
14,7472
14,7444
14,7417
14,7389
14,7361
14,7333
14,7306
14,7278
14,725
14,7222
14,7194
14,7167
14,7139
14,7111
14,7083
14,7056
14,7028
14,7
14,6972
14,6944
14,6917
14,6889
14,6861
14,6833
14,6806
14,6778
14,675
14,6722
14,6694
14,6667
14,6639
14,6611
14,6583
14,6556
14,6528
14,65
14,6472
14,6444
14,6417
14,6389
14,6361
14,6333
14,6306
14,6278
14,625
14,6222
14,6194
14,6167
14,6139
14,6111
14,6083
14,6056
14,6028
14,6
14,5972
14,5944
14,5917
14,5889
14,5861
14,5833
14,5806
14,5778
14,575
14,5722
14,5694
14,5667
14,5639
14,5611
14,5583
14,5556
14,5528
14,55
14,5472
14,5444
14,5417
14,5389
14,5361
14,5333
14,5306
14,5278
14,525
14,5222
14,5194
14,5167
14,5139
14,5111
14,5083
14,5056
14,5028
14,5
14,4972
14,4944
14,4917
14,4889
14,4861
14,4833
14,4806
14,4778
14,475
14,4722
14,4694
14,4667
14,4639
14,4611
14,4583
14,4556
14,4528
14,45
14,4472
14,4444
14,4417
14,4389
14,4361
14,4333
14,4306
14,4278
14,425
14,4222
14,4194
14,4167
14,4139
14,4111
14,4083
14,4056
14,4028
14,4
14,3972
14,3944
14,3917
14,3889
14,3861
14,3833
14,3806
14,3778
14,375
14,3722
14,3694
14,3667
14,3639
14,3611
14,3583
14,3556
14,3528
14,35
14,3472
14,3444
14,3417
14,3389
14,3361
14,3333
14,3306
14,3278
14,325
14,3222
14,3194
14,3167
14,3139
14,3111
14,3083
14,3056
14,3028
14,3
14,2972
14,2944
14,2917
14,2889
14,2861
14,2833
14,2806
14,2778
14,275
14,2722
14,2694
14,2667
14,2639
14,2611
14,2583
14,2556
14,2528
14,25
14,2472
14,2444
14,2417
14,2389
14,2361
14,2333
14,2306
14,2278
14,225
14,2222
14,2194
14,2167
14,2139
14,2111
14,2083
14,2056
14,2028
14,2
14,1972
14,1944
14,1917
14,1889
14,1861
14,1833
14,1806
14,1778
14,175
14,1722
14,1694
14,1667
14,1639
14,1611
14,1583
14,1556
14,1528
14,15
14,1472
14,1444
14,1417
14,1389
14,1361
14,1333
14,1306
14,1278
14,125
14,1222
14,1194
14,1167
14,1139
14,1111
14,1083
14,1056
14,1028
14,1
14,0972
14,0944
14,0917
14,0889
14,0861
14,0833
14,0806
14,0778
14,075
14,0722
14,0694
14,0667
14,0639
14,0611
14,0583
14,0556
14,0528
14,05
14,0472
14,0444
14,0417
14,0389
14,0361
14,0333
14,0306
14,0278
14,025
14,0222
14,0194
14,0167
14,0139
14,0111
14,0083
14,0056
14,0028
14
13,9972
13,9944
13,9917
13,9889
13,9861
13,9833
13,9806
13,9778
13,975
13,9722
13,9694
13,9667
13,9639
13,9611
13,9583
13,9556
13,9528
13,95
13,9472
13,9444
13,9417
13,9389
13,9361
13,9333
13,9306
13,9278
13,925
13,9222
13,9194
13,9167
13,9139
13,9111
13,9083
13,9056
13,9028
13,9
13,8972
13,8944
13,8917
13,8889
13,8861
13,8833
13,8806
13,8778
13,875
13,8722
13,8694
13,8667
13,8639
13,8611
13,8583
13,8556
13,8528
13,85
13,8472
13,8444
13,8417
13,8389
13,8361
13,8333
13,8306
13,8278
13,825
13,8222
13,8194
13,8167
13,8139
13,8111
13,8083
13,8056
13,8028
13,8
13,7972
13,7944
13,7917
13,7889
13,7861
13,7833
13,7806
13,7778
13,775
13,7722
13,7694
13,7667
13,7639
13,7611
13,7583
13,7556
13,7528
13,75
13,7472
13,7444
13,7417
13,7389
13,7361
13,7333
13,7306
13,7278
13,725
13,7222
13,7194
13,7167
13,7139
13,7111
13,7083
13,7056
13,7028
13,7
13,6972
13,6944
13,6917
13,6889
13,6861
13,6833
13,6806
13,6778
13,675
13,6722
13,6694
13,6667
13,6639
13,6611
13,6583
13,6556
13,6528
13,65
13,6472
13,6444
13,6417
13,6389
13,6361
13,6333
13,6306
13,6278
13,625
13,6222
13,6194
13,6167
13,6139
13,6111
13,6083
13,6056
13,6028
13,6
13,5972
13,5944
13,5917
13,5889
13,5861
13,5833
13,5806
13,5778
13,575
13,5722
13,5694
13,5667
13,5639
13,5611
13,5583
13,5556
13,5528
13,55
13,5472
13,5444
13,5417
13,5389
13,5361
13,5333
13,5306
13,5278
13,525
13,5222
13,5194
13,5167
13,5139
13,5111
13,5083
13,5056
13,5028
13,5
13,4972
13,4944
13,4917
13,4889
13,4861
13,4833
13,4806
13,4778
13,475
13,4722
13,4694
13,4667
13,4639
13,4611
13,4583
13,4556
13,4528
13,45
13,4472
13,4444
13,4417
13,4389
13,4361
13,4333
13,4306
13,4278
13,425
13,4222
13,4194
13,4167
13,4139
13,4111
13,4083
13,4056
13,4028
13,4
13,3972
13,3944
13,3917
13,3889
13,3861
13,3833
13,3806
13,3778
13,375
13,3722
13,3694
13,3667
13,3639
13,3611
13,3583
13,3556
13,3528
13,35
13,3472
13,3444
13,3417
13,3389
13,3361
13,3333
13,3306
13,3278
13,325
13,3222
13,3194
13,3167
13,3139
13,3111
13,3083
13,3056
13,3028
13,3
13,2972
13,2944
13,2917
13,2889
13,2861
13,2833
13,2806
13,2778
13,275
13,2722
13,2694
13,2667
13,2639
13,2611
13,2583
13,2556
13,2528
13,25
13,2472
13,2444
13,2417
13,2389
13,2361
13,2333
13,2306
13,2278
13,225
13,2222
13,2194
13,2167
13,2139
13,2111
13,2083
13,2056
13,2028
13,2
13,1972
13,1944
13,1917
13,1889
13,1861
13,1833
13,1806
13,1778
13,175
13,1722
13,1694
13,1667
13,1639
13,1611
13,1583
13,1556
13,1528
13,15
13,1472
13,1444
13,1417
13,1389
13,1361
13,1333
13,1306
13,1278
13,125
13,1222
13,1194
13,1167
13,1139
13,1111
13,1083
13,1056
13,1028
13,1
13,0972
13,0944
13,0917
13,0889
13,0861
13,0833
13,0806
13,0778
13,075
13,0722
13,0694
13,0667
13,0639
13,0611
13,0583
13,0556
13,0528
13,05
13,0472
13,0444
13,0417
13,0389
13,0361
13,0333
13,0306
13,0278
13,025
13,0222
13,0194
13,0167
13,0139
13,0111
13,0083
13,0056
13,0028
13
12,9972
12,9944
12,9917
12,9889
12,9861
12,9833
12,9806
12,9778
12,975
12,9722
12,9694
12,9667
12,9639
12,9611
12,9583
12,9556
12,9528
12,95
12,9472
12,9444
12,9417
12,9389
12,9361
12,9333
12,9306
12,9278
12,925
12,9222
12,9194
12,9167
12,9139
12,9111
12,9083
12,9056
12,9028
12,9
12,8972
12,8944
12,8917
12,8889
12,8861
12,8833
12,8806
12,8778
12,875
12,8722
12,8694
12,8667
12,8639
12,8611
12,8583
12,8556
12,8528
12,85
12,8472
12,8444
12,8417
12,8389
12,8361
12,8333
12,8306
12,8278
12,825
12,8222
12,8194
12,8167
12,8139
12,8111
12,8083
12,8056
12,8028
12,8
12,7972
12,7944
12,7917
12,7889
12,7861
12,7833
12,7806
12,7778
12,775
12,7722
12,7694
12,7667
12,7639
12,7611
12,7583
12,7556
12,7528
12,75
12,7472
12,7444
12,7417
12,7389
12,7361
12,7333
12,7306
12,7278
12,725
12,7222
12,7194
12,7167
12,7139
12,7111
12,7083
12,7056
12,7028
12,7
12,6972
12,6944
12,6917
12,6889
12,6861
12,6833
12,6806
12,6778
12,675
12,6722
12,6694
12,6667
12,6639
12,6611
12,6583
12,6556
12,6528
12,65
12,6472
12,6444
12,6417
12,6389
12,6361
12,6333
12,6306
12,6278
12,625
12,6222
12,6194
12,6167
12,6139
12,6111
12,6083
12,6056
12,6028
12,6
12,5972
12,5944
12,5917
12,5889
12,5861
12,5833
12,5806
12,5778
12,575
12,5722
12,5694
12,5667
12,5639
12,5611
12,5583
12,5556
12,5528
12,55
12,5472
12,5444
12,5417
12,5389
12,5361
12,5333
12,5306
12,5278
12,525
12,5222
12,5194
12,5167
12,5139
12,5111
12,5083
12,5056
12,5028
12,5
12,4972
12,4944
12,4917
12,4889
12,4861
12,4833
12,4806
12,4778
12,475
12,4722
12,4694
12,4667
12,4639
12,4611
12,4583
12,4556
12,4528
12,45
12,4472
12,4444
12,4417
12,4389
12,4361
12,4333
12,4306
12,4278
12,425
12,4222
12,4194
12,4167
12,4139
12,4111
12,4083
12,4056
12,4028
12,4
12,3972
12,3944
12,3917
12,3889
12,3861
12,3833
12,3806
12,3778
12,375
12,3722
12,3694
12,3667
12,3639
12,3611
12,3583
12,3556
12,3528
12,35
12,3472
12,3444
12,3417
12,3389
12,3361
12,3333
12,3306
12,3278
12,325
12,3222
12,3194
12,3167
12,3139
12,3111
12,3083
12,3056
12,3028
12,3
12,2972
12,2944
12,2917
12,2889
12,2861
12,2833
12,2806
12,2778
12,275
12,2722
12,2694
12,2667
12,2639
12,2611
12,2583
12,2556
12,2528
12,25
12,2472
12,2444
12,2417
12,2389
12,2361
12,2333
12,2306
12,2278
12,225
12,2222
12,2194
12,2167
12,2139
12,2111
12,2083
12,2056
12,2028
12,2
12,1972
12,1944
12,1917
12,1889
12,1861
12,1833
12,1806
12,1778
12,175
12,1722
12,1694
12,1667
12,1639
12,1611
12,1583
12,1556
12,1528
12,15
12,1472
12,1444
12,1417
12,1389
12,1361
12,1333
12,1306
12,1278
12,125
12,1222
12,1194
12,1167
12,1139
12,1111
12,1083
12,1056
12,1028
12,1
12,0972
12,0944
12,0917
12,0889
12,0861
12,0833
12,0806
12,0778
12,075
12,0722
12,0694
12,0667
12,0639
12,0611
12,0583
12,0556
12,0528
12,05
12,0472
12,0444
12,0417
12,0389
12,0361
12,0333
12,0306
12,0278
12,025
12,0222
12,0194
12,0167
12,0139
12,0111
12,0083
12,0056
12,0028
12
11,9972
11,9944
11,9917
11,9889
11,9861
11,9833
11,9806
11,9778
11,975
11,9722
11,9694
11,9667
11,9639
11,9611
11,9583
11,9556
11,9528
11,95
11,9472
11,9444
11,9417
11,9389
11,9361
11,9333
11,9306
11,9278
11,925
11,9222
11,9194
11,9167
11,9139
11,9111
11,9083
11,9056
11,9028
11,9
11,8972
11,8944
11,8917
11,8889
11,8861
11,8833
11,8806
11,8778
11,875
11,8722
11,8694
11,8667
11,8639
11,8611
11,8583
11,8556
11,8528
11,85
11,8472
11,8444
11,8417
11,8389
11,8361
11,8333
11,8306
11,8278
11,825
11,8222
11,8194
11,8167
11,8139
11,8111
11,8083
11,8056
11,8028
11,8
11,7972
11,7944
11,7917
11,7889
11,7861
11,7833
11,7806
11,7778
11,775
11,7722
11,7694
11,7667
11,7639
11,7611
11,7583
11,7556
11,7528
11,75
