20
20
20
20
20
20
20
20
20
20
20
20
20
20
20
20
20
20
20
20
20
20
20
20
20
20
20
20
20
20
20
20
20
20
20
20
20
20
20
20
20
20
20
20
20
20
20
20
20
20
20
20
20
20
20
20
20
20
20
20
20
20
20
20
20
20
20
20
20
20
20
20
20
20
20
20
20
20
20
20
20
20
20
20
20
20
20
20
20
20
20
20
20
20
20
20
20
20
20
20
20
20
20
20
20
20
20
20
20
20
20
20
20
20
20
20
20
20
20
20
20
20
20
20
20
20
20
20
20
20
20
20
20
20
20
20
20
20
20
20
20
20
20
20
20
20
20
20
20
20
20
20
20
20
20
20
20
20
20
20
20
20
20
20
20
20
20
20
20
20
20
20
20
20
20
20
20
20
20
20
20
20
20
20
20
20
20
20
20
20
20
20
20
20
20
20
20
20
20
20
20
20
20
20
20
20
20
20
20
20
20
20
20
20
20
20
20
20
20
20
20
20
20
20
20
20
20
20
20
20
20
20
20
20
20
20
20
20
20
20
20
20
20
20
20
20
20
20
20
20
20
20
20
20
20
20
20
20
20
20
20
20
20
20
20
20
20
20
20
20
20
20
20
20
20
20
20
20
20
20
20
20
20
20
20
20
20
20
20
20
20
20
20
20
20
20
20
20
20
20
20
20
20
20
20
20
20
20
20
20
20
20
20
20
20
20
20
20
20
20
20
20
20
20
20
20
20
20
20
20
20
20
20
20
20
20
20
20
20
20
20
20
20
20
20
20
20
20
20
20
20
20
20
20
20
20
20
20
20
20
20
20
20
20
20
20
20
20
20
20
20
20
20
20
20
20
20
20
20
20
20
20
20
20
20
20
20
20
20
20
20
20
20
20
20
20
20
20
20
20
20
20
20
20
20
20
20
20
20
20
20
20
20
20
20
20
20
20
20
20
20
20
20
20
20
20
20
20
20
20
20
20
20
20
20
20
20
20
20
20
20
20
20
20
20
20
20
20
20
20
20
20
20
20
20
20
20
20
20
20
20
20
20
20
20
20
20
20
20
20
20
20
20
20
20
20
20
20
20
20
20
20
20
20
20
20
20
20
20
20
20
20
20
20
20
20
20
20
20
20
20
20
20
20
20
20
20
20
20
20
20
20
20
20
20
20
20
20
20
20
20
20
20
20
20
20
20
20
20
20
20
20
20
20
20
20
20
20
20
20
20
20
20
20
20
20
20
20
20
20
20
20
20
20
20
20
20
20
20
20
20
20
20
20
20
20
20
20
20
20
20
20
20
20
20
20
20
20
20
20
20
20
20
20
20
20
20
20
20
20
20
20
20
20
20
20
20
20
20
20
20
20
20
20
20
20
20
20
20
20
20
20
20
20
20
20
20
20
20
20
20
20
20
20
20
20
20
20
20
20
20
20
20
20
20
20
20
20
20
20
20
20
20
20
20
20
20
20
20
20
20
20
20
20
20
20
20
20
20
20
20
20
20
20
20
20
20
20
20
20
20
20
20
20
20
20
20
20
20
20
20
20
20
20
20
20
20
20
20
20
20
20
20
20
20
20
20
20
20
20
20
20
20
20
20
20
20
20
20
20
20
20
20
20
20
20
20
20
20
20
20
20,0556
20,1111
20,1667
20,2222
20,2778
20,3333
20,3889
20,4444
20,5
20,5556
20,6111
20,6667
20,7222
20,7778
20,8333
20,8889
20,9444
21
21,0556
21,1111
21,1667
21,2222
21,2778
21,3333
21,3889
21,4444
21,5
21,5556
21,6111
21,6667
21,7222
21,7778
21,8333
21,8889
21,9444
22
22,0556
22,1111
22,1667
22,2222
22,2778
22,3333
22,3889
22,4444
22,5
22,5556
22,6111
22,6667
22,7222
22,7778
22,8333
22,8889
22,9444
23
23,0556
23,1111
23,1667
23,2222
23,2778
23,3333
23,3889
23,4444
23,5
23,5556
23,6111
23,6667
23,7222
23,7778
23,8333
23,8889
23,9444
24
24,0556
24,1111
24,1667
24,2222
24,2778
24,3333
24,3889
24,4444
24,5
24,5556
24,6111
24,6667
24,7222
24,7778
24,8333
24,8889
24,9444
25
25,0556
25,1111
25,1667
25,2222
25,2778
25,3333
25,3889
25,4444
25,5
25,5556
25,6111
25,6667
25,7222
25,7778
25,8333
25,8889
25,9444
26
26,0556
26,1111
26,1667
26,2222
26,2778
26,3333
26,3889
26,4444
26,5
26,5556
26,6111
26,6667
26,7222
26,7778
26,8333
26,8889
26,9444
27
27,0556
27,1111
27,1667
27,2222
27,2778
27,3333
27,3889
27,4444
27,5
27,5556
27,6111
27,6667
27,7222
27,7778
27,8333
27,8889
27,9444
28
28,0556
28,1111
28,1667
28,2222
28,2778
28,3333
28,3889
28,4444
28,5
28,5556
28,6111
28,6667
28,7222
28,7778
28,8333
28,8889
28,9444
29
29,0556
29,1111
29,1667
29,2222
29,2778
29,3333
29,3889
29,4444
29,5
29,5556
29,6111
29,6667
29,7222
29,7778
29,8333
29,8889
29,9444
30
30,0556
30,1111
30,1667
30,2222
30,2778
30,3333
30,3889
30,4444
30,5
30,5556
30,6111
30,6667
30,7222
30,7778
30,8333
30,8889
30,9444
31
31,0556
31,1111
31,1667
31,2222
31,2778
31,3333
31,3889
31,4444
31,5
31,5556
31,6111
31,6667
31,7222
31,7778
31,8333
31,8889
31,9444
32
32,0556
32,1111
32,1667
32,2222
32,2778
32,3333
32,3889
32,4444
32,5
32,5556
32,6111
32,6667
32,7222
32,7778
32,8333
32,8889
32,9444
33
33,0556
33,1111
33,1667
33,2222
33,2778
33,3333
33,3889
33,4444
33,5
33,5556
33,6111
33,6667
33,7222
33,7778
33,8333
33,8889
33,9444
34
34,0556
34,1111
34,1667
34,2222
34,2778
34,3333
34,3889
34,4444
34,5
34,5556
34,6111
34,6667
34,7222
34,7778
34,8333
34,8889
34,9444
35
35,0556
35,1111
35,1667
35,2222
35,2778
35,3333
35,3889
35,4444
35,5
35,5556
35,6111
35,6667
35,7222
35,7778
35,8333
35,8889
35,9444
36
36,0556
36,1111
36,1667
36,2222
36,2778
36,3333
36,3889
36,4444
36,5
36,5556
36,6111
36,6667
36,7222
36,7778
36,8333
36,8889
36,9444
37
37,0556
37,1111
37,1667
37,2222
37,2778
37,3333
37,3889
37,4444
37,5
37,5556
37,6111
37,6667
37,7222
37,7778
37,8333
37,8889
37,9444
38
38,0556
38,1111
38,1667
38,2222
38,2778
38,3333
38,3889
38,4444
38,5
38,5556
38,6111
38,6667
38,7222
38,7778
38,8333
38,8889
38,9444
39
39,0556
39,1111
39,1667
39,2222
39,2778
39,3333
39,3889
39,4444
39,5
39,5556
39,6111
39,6667
39,7222
39,7778
39,8333
39,8889
39,9444
40
40,0556
40,1111
40,1667
40,2222
40,2778
40,3333
40,3889
40,4444
40,5
40,5556
40,6111
40,6667
40,7222
40,7778
40,8333
40,8889
40,9444
41
41,0556
41,1111
41,1667
41,2222
41,2778
41,3333
41,3889
41,4444
41,5
41,5556
41,6111
41,6667
41,7222
41,7778
41,8333
41,8889
41,9444
42
42,0556
42,1111
42,1667
42,2222
42,2778
42,3333
42,3889
42,4444
42,5
42,5556
42,6111
42,6667
42,7222
42,7778
42,8333
42,8889
42,9444
43
43,0556
43,1111
43,1667
43,2222
43,2778
43,3333
43,3889
43,4444
43,5
43,5556
43,6111
43,6667
43,7222
43,7778
43,8333
43,8889
43,9444
44
44,0556
44,1111
44,1667
44,2222
44,2778
44,3333
44,3889
44,4444
44,5
44,5556
44,6111
44,6667
44,7222
44,7778
44,8333
44,8889
44,9444
45
45,0556
45,1111
45,1667
45,2222
45,2778
45,3333
45,3889
45,4444
45,5
45,5556
45,6111
45,6667
45,7222
45,7778
45,8333
45,8889
45,9444
46
46,0556
46,1111
46,1667
46,2222
46,2778
46,3333
46,3889
46,4444
46,5
46,5556
46,6111
46,6667
46,7222
46,7778
46,8333
46,8889
46,9444
47
47,0556
47,1111
47,1667
47,2222
47,2778
47,3333
47,3889
47,4444
47,5
47,5556
47,6111
47,6667
47,7222
47,7778
47,8333
47,8889
47,9444
48
48,0556
48,1111
48,1667
48,2222
48,2778
48,3333
48,3889
48,4444
48,5
48,5556
48,6111
48,6667
48,7222
48,7778
48,8333
48,8889
48,9444
49
49,0556
49,1111
49,1667
49,2222
49,2778
49,3333
49,3889
49,4444
49,5
49,5556
49,6111
49,6667
49,7222
49,7778
49,8333
49,8889
49,9444
50
50,0556
50,1111
50,1667
50,2222
50,2778
50,3333
50,3889
50,4444
50,5
50,5556
50,6111
50,6667
50,7222
50,7778
50,8333
50,8889
50,9444
51
51,0556
51,1111
51,1667
51,2222
51,2778
51,3333
51,3889
51,4444
51,5
51,5556
51,6111
51,6667
51,7222
51,7778
51,8333
51,8889
51,9444
52
52,0556
52,1111
52,1667
52,2222
52,2778
52,3333
52,3889
52,4444
52,5
52,5556
52,6111
52,6667
52,7222
52,7778
52,8333
52,8889
52,9444
53
53,0556
53,1111
53,1667
53,2222
53,2778
53,3333
53,3889
53,4444
53,5
53,5556
53,6111
53,6667
53,7222
53,7778
53,8333
53,8889
53,9444
54
54,0556
54,1111
54,1667
54,2222
54,2778
54,3333
54,3889
54,4444
54,5
54,5556
54,6111
54,6667
54,7222
54,7778
54,8333
54,8889
54,9444
55
55,0556
55,1111
55,1667
55,2222
55,2778
55,3333
55,3889
55,4444
55,5
55,5556
55,6111
55,6667
55,7222
55,7778
55,8333
55,8889
55,9444
56
56,0556
56,1111
56,1667
56,2222
56,2778
56,3333
56,3889
56,4444
56,5
56,5556
56,6111
56,6667
56,7222
56,7778
56,8333
56,8889
56,9444
57
57,0556
57,1111
57,1667
57,2222
57,2778
57,3333
57,3889
57,4444
57,5
57,5556
57,6111
57,6667
57,7222
57,7778
57,8333
57,8889
57,9444
58
58,0556
58,1111
58,1667
58,2222
58,2778
58,3333
58,3889
58,4444
58,5
58,5556
58,6111
58,6667
58,7222
58,7778
58,8333
58,8889
58,9444
59
59,0556
59,1111
59,1667
59,2222
59,2778
59,3333
59,3889
59,4444
59,5
59,5556
59,6111
59,6667
59,7222
59,7778
59,8333
59,8889
59,9444
60
60
60
60
60
60
60
60
60
60
60
60
60
60
60
60
60
60
60
60
60
60
60
60
60
60
60
60
60
60
60
60
60
60
60
60
60
60
60
60
60
60
60
60
60
60
60
60
60
60
60
60
60
60
60
60
60
60
60
60
60
60
60
60
60
60
60
60
60
60
60
60
60
60
60
60
60
60
60
60
60
60
60
60
60
60
60
60
60
60
60
60
60
60
60
60
60
60
60
60
60
60
60
60
60
60
60
60
60
60
60
60
60
60
60
60
60
60
60
60
60
60
60
60
60
60
60
60
60
60
60
60
60
60
60
60
60
60
60
60
60
60
60
60
60
60
60
60
60
60
60
60
60
60
60
60
60
60
60
60
60
60
60
60
60
60
60
60
60
60
60
60
60
60
60
60
60
60
60
60
60
60
60
60
60
60
60
60
60
60
60
60
60
60
60
60
60
60
60
60
60
60
60
60
60
60
60
60
60
60
60
60
60
60
60
60
60
60
60
60
60
60
60
60
60
60
60
60
60
60
60
60
60
60
60
60
60
60
60
60
60
60
60
60
60
60
60
60
60
60
60
60
60
60
60
60
60
60
60
60
60
60
60
60
60
60
60
60
60
60
60
60
60
60
60
60
60
60
60
60
60
60
60
60
60
60
60
60
60
60
60
60
60
60
60
60
60
60
60
60
60
60
60
60
60
60
60
60
60
60
60
60
60
60
60
60
60
60
60
60
60
60
60
60
60
60
60
60
60
60
60
60
60
60
60
60
60
60
60
60
60
60
60
60
60
60
60
60
60
60
60
60
60
60
60
60
60
60
60
60
60
60,1111
60,2222
60,3333
60,4444
60,5556
60,6667
60,7778
60,8889
61
61,1111
61,2222
61,3333
61,4444
61,5556
61,6667
61,7778
61,8889
62
62,1111
62,2222
62,3333
62,4444
62,5556
62,6667
62,7778
62,8889
63
63,1111
63,2222
63,3333
63,4444
63,5556
63,6667
63,7778
63,8889
64
64,1111
64,2222
64,3333
64,4444
64,5556
64,6667
64,7778
64,8889
65
65,1111
65,2222
65,3333
65,4444
65,5556
65,6667
65,7778
65,8889
66
66,1111
66,2222
66,3333
66,4444
66,5556
66,6667
66,7778
66,8889
67
67,1111
67,2222
67,3333
67,4444
67,5556
67,6667
67,7778
67,8889
68
68,1111
68,2222
68,3333
68,4444
68,5556
68,6667
68,7778
68,8889
69
69,1111
69,2222
69,3333
69,4444
69,5556
69,6667
69,7778
69,8889
70
70,1111
70,2222
70,3333
70,4444
70,5556
70,6667
70,7778
70,8889
71
71,1111
71,2222
71,3333
71,4444
71,5556
71,6667
71,7778
71,8889
72
72,1111
72,2222
72,3333
72,4444
72,5556
72,6667
72,7778
72,8889
73
73,1111
73,2222
73,3333
73,4444
73,5556
73,6667
73,7778
73,8889
74
74,1111
74,2222
74,3333
74,4444
74,5556
74,6667
74,7778
74,8889
75
75,1111
75,2222
75,3333
75,4444
75,5556
75,6667
75,7778
75,8889
76
76,1111
76,2222
76,3333
76,4444
76,5556
76,6667
76,7778
76,8889
77
77,1111
77,2222
77,3333
77,4444
77,5556
77,6667
77,7778
77,8889
78
78,1111
78,2222
78,3333
78,4444
78,5556
78,6667
78,7778
78,8889
79
79,1111
79,2222
79,3333
79,4444
79,5556
79,6667
79,7778
79,8889
80
80,1111
80,2222
80,3333
80,4444
80,5556
80,6667
80,7778
80,8889
81
81,1111
81,2222
81,3333
81,4444
81,5556
81,6667
81,7778
81,8889
82
82,1111
82,2222
82,3333
82,4444
82,5556
82,6667
82,7778
82,8889
83
83,1111
83,2222
83,3333
83,4444
83,5556
83,6667
83,7778
83,8889
84
84,1111
84,2222
84,3333
84,4444
84,5556
84,6667
84,7778
84,8889
85
85,1111
85,2222
85,3333
85,4444
85,5556
85,6667
85,7778
85,8889
86
86,1111
86,2222
86,3333
86,4444
86,5556
86,6667
86,7778
86,8889
87
87,1111
87,2222
87,3333
87,4444
87,5556
87,6667
87,7778
87,8889
88
88,1111
88,2222
88,3333
88,4444
88,5556
88,6667
88,7778
88,8889
89
89,1111
89,2222
89,3333
89,4444
89,5556
89,6667
89,7778
89,8889
90
90,1111
90,2222
90,3333
90,4444
90,5556
90,6667
90,7778
90,8889
91
91,1111
91,2222
91,3333
91,4444
91,5556
91,6667
91,7778
91,8889
92
92,1111
92,2222
92,3333
92,4444
92,5556
92,6667
92,7778
92,8889
93
93,1111
93,2222
93,3333
93,4444
93,5556
93,6667
93,7778
93,8889
94
94,1111
94,2222
94,3333
94,4444
94,5556
94,6667
94,7778
94,8889
95
95,1111
95,2222
95,3333
95,4444
95,5556
95,6667
95,7778
95,8889
96
96,1111
96,2222
96,3333
96,4444
96,5556
96,6667
96,7778
96,8889
97
97,1111
97,2222
97,3333
97,4444
97,5556
97,6667
97,7778
97,8889
98
98,1111
98,2222
98,3333
98,4444
98,5556
98,6667
98,7778
98,8889
99
99,1111
99,2222
99,3333
99,4444
99,5556
99,6667
99,7778
99,8889
100
100,0556
100,1111
100,1667
100,2222
100,2778
100,3333
100,3889
100,4444
100,5
100,5556
100,6111
100,6667
100,7222
100,7778
100,8333
100,8889
100,9444
101
101,0556
101,1111
101,1667
101,2222
101,2778
101,3333
101,3889
101,4444
101,5
101,5556
101,6111
101,6667
101,7222
101,7778
101,8333
101,8889
101,9444
102
102,0556
102,1111
102,1667
102,2222
102,2778
102,3333
102,3889
102,4444
102,5
102,5556
102,6111
102,6667
102,7222
102,7778
102,8333
102,8889
102,9444
103
103,0556
103,1111
103,1667
103,2222
103,2778
103,3333
103,3889
103,4444
103,5
103,5556
103,6111
103,6667
103,7222
103,7778
103,8333
103,8889
103,9444
104
104,0556
104,1111
104,1667
104,2222
104,2778
104,3333
104,3889
104,4444
104,5
104,5556
104,6111
104,6667
104,7222
104,7778
104,8333
104,8889
104,9444
105
105,0556
105,1111
105,1667
105,2222
105,2778
105,3333
105,3889
105,4444
105,5
105,5556
105,6111
105,6667
105,7222
105,7778
105,8333
105,8889
105,9444
106
106,0556
106,1111
106,1667
106,2222
106,2778
106,3333
106,3889
106,4444
106,5
106,5556
106,6111
106,6667
106,7222
106,7778
106,8333
106,8889
106,9444
107
107,0556
107,1111
107,1667
107,2222
107,2778
107,3333
107,3889
107,4444
107,5
107,5556
107,6111
107,6667
107,7222
107,7778
107,8333
107,8889
107,9444
108
108,0556
108,1111
108,1667
108,2222
108,2778
108,3333
108,3889
108,4444
108,5
108,5556
108,6111
108,6667
108,7222
108,7778
108,8333
108,8889
108,9444
109
109,0556
109,1111
109,1667
109,2222
109,2778
109,3333
109,3889
109,4444
109,5
109,5556
109,6111
109,6667
109,7222
109,7778
109,8333
109,8889
109,9444
110
110,0556
110,1111
110,1667
110,2222
110,2778
110,3333
110,3889
110,4444
110,5
110,5556
110,6111
110,6667
110,7222
110,7778
110,8333
110,8889
110,9444
111
111,0556
111,1111
111,1667
111,2222
111,2778
111,3333
111,3889
111,4444
111,5
111,5556
111,6111
111,6667
111,7222
111,7778
111,8333
111,8889
111,9444
112
112,0556
112,1111
112,1667
112,2222
112,2778
112,3333
112,3889
112,4444
112,5
112,5556
112,6111
112,6667
112,7222
112,7778
112,8333
112,8889
112,9444
113
113,0556
113,1111
113,1667
113,2222
113,2778
113,3333
113,3889
113,4444
113,5
113,5556
113,6111
113,6667
113,7222
113,7778
113,8333
113,8889
113,9444
114
114,0556
114,1111
114,1667
114,2222
114,2778
114,3333
114,3889
114,4444
114,5
114,5556
114,6111
114,6667
114,7222
114,7778
114,8333
114,8889
114,9444
115
115,0556
115,1111
115,1667
115,2222
115,2778
115,3333
115,3889
115,4444
115,5
115,5556
115,6111
115,6667
115,7222
115,7778
115,8333
115,8889
115,9444
116
116,0556
116,1111
116,1667
116,2222
116,2778
116,3333
116,3889
116,4444
116,5
116,5556
116,6111
116,6667
116,7222
116,7778
116,8333
116,8889
116,9444
117
117,0556
117,1111
117,1667
117,2222
117,2778
117,3333
117,3889
117,4444
117,5
117,5556
117,6111
117,6667
117,7222
117,7778
117,8333
117,8889
117,9444
118
118,0556
118,1111
118,1667
118,2222
118,2778
118,3333
118,3889
118,4444
118,5
118,5556
118,6111
118,6667
118,7222
118,7778
118,8333
118,8889
118,9444
119
119,0556
119,1111
119,1667
119,2222
119,2778
119,3333
119,3889
119,4444
119,5
119,5556
119,6111
119,6667
119,7222
119,7778
119,8333
119,8889
119,9444
120
120,0556
120,1111
120,1667
120,2222
120,2778
120,3333
120,3889
120,4444
120,5
120,5556
120,6111
120,6667
120,7222
120,7778
120,8333
120,8889
120,9444
121
121,0556
121,1111
121,1667
121,2222
121,2778
121,3333
121,3889
121,4444
121,5
121,5556
121,6111
121,6667
121,7222
121,7778
121,8333
121,8889
121,9444
122
122,0556
122,1111
122,1667
122,2222
122,2778
122,3333
122,3889
122,4444
122,5
122,5556
122,6111
122,6667
122,7222
122,7778
122,8333
122,8889
122,9444
123
123,0556
123,1111
123,1667
123,2222
123,2778
123,3333
123,3889
123,4444
123,5
123,5556
123,6111
123,6667
123,7222
123,7778
123,8333
123,8889
123,9444
124
124,0556
124,1111
124,1667
124,2222
124,2778
124,3333
124,3889
124,4444
124,5
124,5556
124,6111
124,6667
124,7222
124,7778
124,8333
124,8889
124,9444
125
125,0556
125,1111
125,1667
125,2222
125,2778
125,3333
125,3889
125,4444
125,5
125,5556
125,6111
125,6667
125,7222
125,7778
125,8333
125,8889
125,9444
126
126,0556
126,1111
126,1667
126,2222
126,2778
126,3333
126,3889
126,4444
126,5
126,5556
126,6111
126,6667
126,7222
126,7778
126,8333
126,8889
126,9444
127
127,0556
127,1111
127,1667
127,2222
127,2778
127,3333
127,3889
127,4444
127,5
127,5556
127,6111
127,6667
127,7222
127,7778
127,8333
127,8889
127,9444
128
128,0556
128,1111
128,1667
128,2222
128,2778
128,3333
128,3889
128,4444
128,5
128,5556
128,6111
128,6667
128,7222
128,7778
128,8333
128,8889
128,9444
129
129,0556
129,1111
129,1667
129,2222
129,2778
129,3333
129,3889
129,4444
129,5
129,5556
129,6111
129,6667
129,7222
129,7778
129,8333
129,8889
129,9444
130
130,0556
130,1111
130,1667
130,2222
130,2778
130,3333
130,3889
130,4444
130,5
130,5556
130,6111
130,6667
130,7222
130,7778
130,8333
130,8889
130,9444
131
131,0556
131,1111
131,1667
131,2222
131,2778
131,3333
131,3889
131,4444
131,5
131,5556
131,6111
131,6667
131,7222
131,7778
131,8333
131,8889
131,9444
132
132,0556
132,1111
132,1667
132,2222
132,2778
132,3333
132,3889
132,4444
132,5
132,5556
132,6111
132,6667
132,7222
132,7778
132,8333
132,8889
132,9444
133
133,0556
133,1111
133,1667
133,2222
133,2778
500
500
500
500
500
500
500
500
500
500
500
500
500
500
500
500
500
500
500
500
500
500
500
500
500
500
500
500
500
500
500
500
500
500
500
500
500
500
500
500
500
500
500
500
500
500
500
500
500
500
500
500
500
500
500
500
500
500
500
500
500
500
500
500
500
500
500
500
500
500
500
500
500
500
500
500
500
500
500
500
500
500
500
500
500
500
500
500
500
500
500
500
500
500
500
500
500
500
500
500
500
500
500
500
500
500
500
500
500
500
500
500
500
500
500
500
500
500
500
500
500
500
500
500
500
500
500
500
500
500
500
500
500
500
500
500
500
500
500
500
500
500
500
500
500
500
500
500
500
500
500
500
500
500
500
500
500
500
500
500
500
500
500
500
500
500
500
500
500
500
500
500
500
500
500
500
500
500
500
500
500
500
500
500
500
500
500
500
500
500
500
500
500
500
500
500
500
500
500
500
500
500
500
500
500
500
500
500
500
500
500
500
500
500
500
500
500
500
500
500
500
500
500
500
500
500
500
500
500
500
500
500
500
500
500
500
500
500
500
500
500
500
500
500
500
500
500
500
500
500
500
500
500
500
500
500
500
500
500
500
500
500
500
500
500
500
500
500
500
500
500
500
500
500
500
500
500
500
500
500
500
500
500
500
500
500
500
500
500
500
500
500
500
500
500
500
500
500
500
500
500
500
500
500
500
500
500
500
500
500
500
500
500
500
500
500
500
500
500
500
500
500
500
500
500
500
500
500
500
500
500
500
500
500
500
500
500
500
500
500
500
500
500
500
500
500
500
500
500
500
500
500
500
500
500
500
500
500
500
500
500
500
500
500
500
500
500
500
500
500
500
500
500
500
500
500
500
500
500
500
500
500
500
500
500
500
500
500
500
500
500
500
500
500
500
500
500
500
500
500
500
500
500
500
500
500
500
500
500
500
500
500
500
500
500
500
500
500
500
500
500
500
500
500
500
500
500
500
500
500
500
500
500
500
500
500
500
500
500
500
500
500
500
500
500
500
500
500
500
500
500
500
500
500
500
500
500
500
500
500
500
500
500
500
500
500
500
500
500
500
500
500
500
500
500
500
500
500
500
500
500
500
500
500
500
500
500
500
500
500
500
500
500
500
500
500
500
500
500
500
500
500
500
500
500
500
500
500
500
500
500
500
500
500
500
500
500
500
500
500
500
500
500
500
500
500
500
500
500
500
500
500
500
500
500
500
500
500
500
500
500
500
500
500
500
500
500
500
500
500
500
500
500
500
500
500
500
500
500
500
500
500
500
500
500
500
500
500
500
500
500
500
500
500
500
500
500
500
500
500
500
500
500
500
500
500
500
500
500
500
500
500
500
500
500
500
500
500
500
500
500
500
500
500
500
500
500
500
500
500
500
500
500
500
500
500
500
500
500
500
500
500
500
500
500
500
500
500
500
500
500
500
500
500
500
500
500
500
500
500
500
500
500
500
500
500
500
500
500
500
500
500
500
500
500
500
500
500
500
500
500
500
500
500
500
500
500
500
500
500
500
500
500
500
500
500
500
500
500
500
500
500
500
500
500
500
500
500
500
500
500
500
500
500
500
500
500
500
500
500
500
500
500
500
500
500
500
500
500
500
500
500
500
500
500
500
500
500
500
500
500
500
500
500
500
500
500
500
500
500
500
500
500
500
500
500
500
500
500
500
500
500
500
500
500
500
500
500
500
500
500
500
500
500
500
500
500
500
500
500
500
500
500
500
500
500
500
500
500
500
500
500
500
500
500
500
500
500
500
500
500
500
500
500
500
500
500
500
500
500
500
500
500
500
500
500
500
500
500
500
500
500
500
500
500
500
500
500
500
500
500
500
500
500
500
500
500
500
500
500
500
500
500
500
500
500
500
500
500
500
500
500
500
500
500
500
500
500
500
500
500
500
500
500
500
500
500
500
500
500
500
500
500
500
500
500
500
500
500
500
500
500
500
500
500
500
500
500
500
500
500
500
500
500
500
500
500
500
500
500
500
500
500
500
500
500
500
500
500
500
500
500
500
500
500
500
500
500
500
500
500
500
500
500
500
500
500
500
500
500
500
500
500
500
500
500
500
500
500
500
500
500
500
500
500
500
500
500
500
500
500
500
500
500
500
500
500
500
500
500
500
500
500
500
500
500
500
500
500
500
500
500
500
500
500
500
500
500
500
500
500
500
500
500
500
500
500
500
500
500
500
500
500
500
500
500
500
500
500
500
500
500
500
500
500
500
500
500
500
500
500
500
500
500
500
500
500
500
500
500
500
500
500
500
500
500
500
500
500
500
500
500
500
500
500
500
500
500
500
500
500
500,5556
501,1111
501,6667
502,2222
502,7778
503,3333
503,8889
504,4444
505
505,5556
506,1111
506,6667
507,2222
507,7778
508,3333
508,8889
509,4444
510
510,5556
511,1111
511,6667
512,2222
512,7778
513,3333
513,8889
514,4444
515
515,5556
516,1111
516,6667
517,2222
517,7778
518,3333
518,8889
519,4444
520
520,5556
521,1111
521,6667
522,2222
522,7778
523,3333
523,8889
524,4444
525
525,5556
526,1111
526,6667
527,2222
527,7778
528,3333
528,8889
529,4444
530
530,5556
531,1111
531,6667
532,2222
532,7778
533,3333
533,8889
534,4444
535
535,5556
536,1111
536,6667
537,2222
537,7778
538,3333
538,8889
539,4444
540
540,5556
541,1111
541,6667
542,2222
542,7778
543,3333
543,8889
544,4444
545
545,5556
546,1111
546,6667
547,2222
547,7778
548,3333
548,8889
549,4444
550
550,5556
551,1111
551,6667
552,2222
552,7778
553,3333
553,8889
554,4444
555
555,5556
556,1111
556,6667
557,2222
557,7778
558,3333
558,8889
559,4444
560
560,5556
561,1111
561,6667
562,2222
562,7778
563,3333
563,8889
564,4444
565
565,5556
566,1111
566,6667
567,2222
567,7778
568,3333
568,8889
569,4444
570
570,5556
571,1111
571,6667
572,2222
572,7778
573,3333
573,8889
574,4444
575
575,5556
576,1111
576,6667
577,2222
577,7778
578,3333
578,8889
579,4444
580
580,5556
581,1111
581,6667
582,2222
582,7778
583,3333
583,8889
584,4444
585
585,5556
586,1111
586,6667
587,2222
587,7778
588,3333
588,8889
589,4444
590
590,5556
591,1111
591,6667
592,2222
592,7778
593,3333
593,8889
594,4444
595
595,5556
596,1111
596,6667
597,2222
597,7778
598,3333
598,8889
599,4444
600
600,5556
601,1111
601,6667
602,2222
602,7778
603,3333
603,8889
604,4444
605
605,5556
606,1111
606,6667
607,2222
607,7778
608,3333
608,8889
609,4444
610
610,5556
611,1111
611,6667
612,2222
612,7778
613,3333
613,8889
614,4444
615
615,5556
616,1111
616,6667
617,2222
617,7778
618,3333
618,8889
619,4444
620
620,5556
621,1111
621,6667
622,2222
622,7778
623,3333
623,8889
624,4444
625
625,5556
626,1111
626,6667
627,2222
627,7778
628,3333
628,8889
629,4444
630
630,5556
631,1111
631,6667
632,2222
632,7778
633,3333
633,8889
634,4444
635
635,5556
636,1111
636,6667
637,2222
637,7778
638,3333
638,8889
639,4444
640
640,5556
641,1111
641,6667
642,2222
642,7778
643,3333
643,8889
644,4444
645
645,5556
646,1111
646,6667
647,2222
647,7778
648,3333
648,8889
649,4444
650
650,5556
651,1111
651,6667
652,2222
652,7778
653,3333
653,8889
654,4444
655
655,5556
656,1111
656,6667
657,2222
657,7778
658,3333
658,8889
659,4444
660
660,5556
661,1111
661,6667
662,2222
662,7778
663,3333
663,8889
664,4444
665
665,5556
666,1111
666,6667
667,2222
667,7778
668,3333
668,8889
669,4444
670
670,5556
671,1111
671,6667
672,2222
672,7778
673,3333
673,8889
674,4444
675
675,5556
676,1111
676,6667
677,2222
677,7778
678,3333
678,8889
679,4444
680
680,5556
681,1111
681,6667
682,2222
682,7778
683,3333
683,8889
684,4444
685
685,5556
686,1111
686,6667
687,2222
687,7778
688,3333
688,8889
689,4444
690
690,5556
691,1111
691,6667
692,2222
692,7778
693,3333
693,8889
694,4444
695
695,5556
696,1111
696,6667
697,2222
697,7778
698,3333
698,8889
699,4444
700
700,5556
701,1111
701,6667
702,2222
702,7778
703,3333
703,8889
704,4444
705
705,5556
706,1111
706,6667
707,2222
707,7778
708,3333
708,8889
709,4444
710
710,5556
711,1111
711,6667
712,2222
712,7778
713,3333
713,8889
714,4444
715
715,5556
716,1111
716,6667
717,2222
717,7778
718,3333
718,8889
719,4444
720
720,5556
721,1111
721,6667
722,2222
722,7778
723,3333
723,8889
724,4444
725
725,5556
726,1111
726,6667
727,2222
727,7778
728,3333
728,8889
729,4444
730
730,5556
731,1111
731,6667
732,2222
732,7778
733,3333
733,8889
734,4444
735
735,5556
736,1111
736,6667
737,2222
737,7778
738,3333
738,8889
739,4444
740
740,5556
741,1111
741,6667
742,2222
742,7778
743,3333
743,8889
744,4444
745
745,5556
746,1111
746,6667
747,2222
747,7778
748,3333
748,8889
749,4444
750
750,5556
751,1111
751,6667
752,2222
752,7778
753,3333
753,8889
754,4444
755
755,5556
756,1111
756,6667
757,2222
757,7778
758,3333
758,8889
759,4444
760
760,5556
761,1111
761,6667
762,2222
762,7778
763,3333
763,8889
764,4444
765
765,5556
766,1111
766,6667
767,2222
767,7778
768,3333
768,8889
769,4444
770
770,5556
771,1111
771,6667
772,2222
772,7778
773,3333
773,8889
774,4444
775
775,5556
776,1111
776,6667
777,2222
777,7778
778,3333
778,8889
779,4444
780
780,5556
781,1111
781,6667
782,2222
782,7778
783,3333
783,8889
784,4444
785
785,5556
786,1111
786,6667
787,2222
787,7778
788,3333
788,8889
789,4444
790
790,5556
791,1111
791,6667
792,2222
792,7778
793,3333
793,8889
794,4444
795
795,5556
796,1111
796,6667
797,2222
797,7778
798,3333
798,8889
799,4444
800
800,2778
800,5556
800,8333
801,1111
801,3889
801,6667
801,9444
802,2222
802,5
802,7778
803,0556
803,3333
803,6111
803,8889
804,1667
804,4444
804,7222
805
805,2778
805,5556
805,8333
806,1111
806,3889
806,6667
806,9444
807,2222
807,5
807,7778
808,0556
808,3333
808,6111
808,8889
809,1667
809,4444
809,7222
810
810,2778
810,5556
810,8333
811,1111
811,3889
811,6667
811,9444
812,2222
812,5
812,7778
813,0556
813,3333
813,6111
813,8889
814,1667
814,4444
814,7222
815
815,2778
815,5556
815,8333
816,1111
816,3889
816,6667
816,9444
817,2222
817,5
817,7778
818,0556
818,3333
818,6111
818,8889
819,1667
819,4444
819,7222
820
820,2778
820,5556
820,8333
821,1111
821,3889
821,6667
821,9444
822,2222
822,5
822,7778
823,0556
823,3333
823,6111
823,8889
824,1667
824,4444
824,7222
825
825,2778
825,5556
825,8333
826,1111
826,3889
826,6667
826,9444
827,2222
827,5
827,7778
828,0556
828,3333
828,6111
828,8889
829,1667
829,4444
829,7222
830
830,2778
830,5556
830,8333
831,1111
831,3889
831,6667
831,9444
832,2222
832,5
832,7778
833,0556
833,3333
833,6111
833,8889
834,1667
834,4444
834,7222
835
835,2778
835,5556
835,8333
836,1111
836,3889
836,6667
836,9444
837,2222
837,5
837,7778
838,0556
838,3333
838,6111
838,8889
839,1667
839,4444
839,7222
840
840,2778
840,5556
840,8333
841,1111
841,3889
841,6667
841,9444
842,2222
842,5
842,7778
843,0556
843,3333
843,6111
843,8889
844,1667
844,4444
844,7222
845
845,2778
845,5556
845,8333
846,1111
846,3889
846,6667
846,9444
847,2222
847,5
847,7778
848,0556
848,3333
848,6111
848,8889
849,1667
849,4444
849,7222
850
850,2778
850,5556
850,8333
851,1111
851,3889
851,6667
851,9444
852,2222
852,5
852,7778
853,0556
853,3333
853,6111
853,8889
854,1667
854,4444
854,7222
855
855,2778
855,5556
855,8333
856,1111
856,3889
856,6667
856,9444
857,2222
857,5
857,7778
858,0556
858,3333
858,6111
858,8889
859,1667
859,4444
859,7222
860
860,2778
860,5556
860,8333
861,1111
861,3889
861,6667
861,9444
862,2222
862,5
862,7778
863,0556
863,3333
863,6111
863,8889
864,1667
864,4444
864,7222
865
865,2778
865,5556
865,8333
866,1111
866,3889
866,6667
866,9444
867,2222
867,5
867,7778
868,0556
868,3333
868,6111
868,8889
869,1667
869,4444
869,7222
870
870,2778
870,5556
870,8333
871,1111
871,3889
871,6667
871,9444
872,2222
872,5
872,7778
873,0556
873,3333
873,6111
873,8889
874,1667
874,4444
874,7222
875
875,2778
875,5556
875,8333
876,1111
876,3889
876,6667
876,9444
877,2222
877,5
877,7778
878,0556
878,3333
878,6111
878,8889
879,1667
879,4444
879,7222
880
880,2778
880,5556
880,8333
881,1111
881,3889
881,6667
881,9444
882,2222
882,5
882,7778
883,0556
883,3333
883,6111
883,8889
884,1667
884,4444
884,7222
885
885,2778
885,5556
885,8333
886,1111
886,3889
886,6667
886,9444
887,2222
887,5
887,7778
888,0556
888,3333
888,6111
888,8889
889,1667
889,4444
889,7222
890
890,2778
890,5556
890,8333
891,1111
891,3889
891,6667
891,9444
892,2222
892,5
892,7778
893,0556
893,3333
893,6111
893,8889
894,1667
894,4444
894,7222
895
895,2778
895,5556
895,8333
896,1111
896,3889
896,6667
896,9444
897,2222
897,5
897,7778
898,0556
898,3333
898,6111
898,8889
899,1667
899,4444
899,7222
900
900,2778
900,5556
900,8333
901,1111
901,3889
901,6667
901,9444
902,2222
902,5
902,7778
903,0556
903,3333
903,6111
903,8889
904,1667
904,4444
904,7222
905
905,2778
905,5556
905,8333
906,1111
906,3889
906,6667
906,9444
907,2222
907,5
907,7778
908,0556
908,3333
908,6111
908,8889
909,1667
909,4444
909,7222
910
910,2778
910,5556
910,8333
911,1111
911,3889
911,6667
911,9444
912,2222
912,5
912,7778
913,0556
913,3333
913,6111
913,8889
914,1667
914,4444
914,7222
915
915,2778
915,5556
915,8333
916,1111
916,3889
916,6667
916,9444
917,2222
917,5
917,7778
918,0556
918,3333
918,6111
918,8889
919,1667
919,4444
919,7222
920
920,2778
920,5556
920,8333
921,1111
921,3889
921,6667
921,9444
922,2222
922,5
922,7778
923,0556
923,3333
923,6111
923,8889
924,1667
924,4444
924,7222
925
925,2778
925,5556
925,8333
926,1111
926,3889
926,6667
926,9444
927,2222
927,5
927,7778
928,0556
928,3333
928,6111
928,8889
929,1667
929,4444
929,7222
930
930,2778
930,5556
930,8333
931,1111
931,3889
931,6667
931,9444
932,2222
932,5
932,7778
933,0556
933,3333
933,6111
933,8889
934,1667
934,4444
934,7222
935
935,2778
935,5556
935,8333
936,1111
936,3889
936,6667
936,9444
937,2222
937,5
937,7778
938,0556
938,3333
938,6111
938,8889
939,1667
939,4444
939,7222
940
940,2778
940,5556
940,8333
941,1111
941,3889
941,6667
941,9444
942,2222
942,5
942,7778
943,0556
943,3333
943,6111
943,8889
944,1667
944,4444
944,7222
945
945,2778
945,5556
945,8333
946,1111
946,3889
946,6667
946,9444
947,2222
947,5
947,7778
948,0556
948,3333
948,6111
948,8889
949,1667
949,4444
949,7222
950
950,2778
950,5556
950,8333
951,1111
951,3889
951,6667
951,9444
952,2222
952,5
952,7778
953,0556
953,3333
953,6111
953,8889
954,1667
954,4444
954,7222
955
955,2778
955,5556
955,8333
956,1111
956,3889
956,6667
956,9444
957,2222
957,5
957,7778
958,0556
958,3333
958,6111
958,8889
959,1667
959,4444
959,7222
960
960,2778
960,5556
960,8333
961,1111
961,3889
961,6667
961,9444
962,2222
962,5
962,7778
963,0556
963,3333
963,6111
963,8889
964,1667
964,4444
964,7222
965
965,2778
965,5556
965,8333
966,1111
966,3889
966,6667
966,9444
967,2222
967,5
967,7778
968,0556
968,3333
968,6111
968,8889
969,1667
969,4444
969,7222
970
970,2778
970,5556
970,8333
971,1111
971,3889
971,6667
971,9444
972,2222
972,5
972,7778
973,0556
973,3333
973,6111
973,8889
974,1667
974,4444
974,7222
975
975,2778
975,5556
975,8333
976,1111
976,3889
976,6667
976,9444
977,2222
977,5
977,7778
978,0556
978,3333
978,6111
978,8889
979,1667
979,4444
979,7222
980
980,2778
980,5556
980,8333
981,1111
981,3889
981,6667
981,9444
982,2222
982,5
982,7778
983,0556
983,3333
983,6111
983,8889
984,1667
984,4444
984,7222
985
985,2778
985,5556
985,8333
986,1111
986,3889
986,6667
986,9444
987,2222
987,5
987,7778
988,0556
988,3333
988,6111
988,8889
989,1667
989,4444
989,7222
990
990,2778
990,5556
990,8333
991,1111
991,3889
991,6667
991,9444
992,2222
992,5
992,7778
993,0556
993,3333
993,6111
993,8889
994,1667
994,4444
994,7222
995
995,2778
995,5556
995,8333
996,1111
996,3889
996,6667
996,9444
997,2222
997,5
997,7778
998,0556
998,3333
998,6111
998,8889
999,1667
999,4444
999,7222
1000
1000,5556
1001,1111
1001,6667
1002,2222
1002,7778
1003,3333
1003,8889
1004,4444
1005
1005,5556
1006,1111
1006,6667
1007,2222
1007,7778
1008,3333
1008,8889
1009,4444
1010
1010,5556
1011,1111
1011,6667
1012,2222
1012,7778
1013,3333
1013,8889
1014,4444
1015
1015,5556
1016,1111
1016,6667
1017,2222
1017,7778
1018,3333
1018,8889
1019,4444
1020
1020,5556
1021,1111
1021,6667
1022,2222
1022,7778
1023,3333
1023,8889
1024,4444
1025
1025,5556
1026,1111
1026,6667
1027,2222
1027,7778
1028,3333
1028,8889
1029,4444
1030
1030,5556
1031,1111
1031,6667
1032,2222
1032,7778
1033,3333
1033,8889
1034,4444
1035
1035,5556
1036,1111
1036,6667
1037,2222
1037,7778
1038,3333
1038,8889
1039,4444
1040
1040,5556
1041,1111
1041,6667
1042,2222
1042,7778
1043,3333
1043,8889
1044,4444
1045
1045,5556
1046,1111
1046,6667
1047,2222
1047,7778
1048,3333
1048,8889
1049,4444
1050
1050,5556
1051,1111
1051,6667
1052,2222
1052,7778
1053,3333
1053,8889
1054,4444
1055
1055,5556
1056,1111
1056,6667
1057,2222
1057,7778
1058,3333
1058,8889
1059,4444
1060
1060,5556
1061,1111
1061,6667
1062,2222
1062,7778
1063,3333
1063,8889
1064,4444
1065
1065,5556
1066,1111
1066,6667
1067,2222
1067,7778
1068,3333
1068,8889
1069,4444
1070
1070,5556
1071,1111
1071,6667
1072,2222
1072,7778
1073,3333
1073,8889
1074,4444
1075
1075,5556
1076,1111
1076,6667
1077,2222
1077,7778
1078,3333
1078,8889
1079,4444
1080
1080,5556
1081,1111
1081,6667
1082,2222
1082,7778
1083,3333
1083,8889
1084,4444
1085
1085,5556
1086,1111
1086,6667
1087,2222
1087,7778
1088,3333
1088,8889
1089,4444
1090
1090,5556
1091,1111
1091,6667
1092,2222
1092,7778
1093,3333
1093,8889
1094,4444
1095
1095,5556
1096,1111
1096,6667
1097,2222
1097,7778
1098,3333
1098,8889
1099,4444
1100
1100,5556
1101,1111
1101,6667
1102,2222
1102,7778
1103,3333
1103,8889
1104,4444
1105
1105,5556
1106,1111
1106,6667
1107,2222
1107,7778
1108,3333
1108,8889
1109,4444
1110
1110,5556
1111,1111
1111,6667
1112,2222
1112,7778
1113,3333
1113,8889
1114,4444
1115
1115,5556
1116,1111
1116,6667
1117,2222
1117,7778
1118,3333
1118,8889
1119,4444
1120
1120,5556
1121,1111
1121,6667
1122,2222
1122,7778
1123,3333
1123,8889
1124,4444
1125
1125,5556
1126,1111
1126,6667
1127,2222
1127,7778
1128,3333
1128,8889
1129,4444
1130
1130,5556
1131,1111
1131,6667
1132,2222
1132,7778
1133,3333
1133,8889
1134,4444
1135
1135,5556
1136,1111
1136,6667
1137,2222
1137,7778
1138,3333
1138,8889
1139,4444
1140
1140,5556
1141,1111
1141,6667
1142,2222
1142,7778
1143,3333
1143,8889
1144,4444
1145
1145,5556
1146,1111
1146,6667
1147,2222
1147,7778
1148,3333
1148,8889
1149,4444
1150
1150,5556
1151,1111
1151,6667
1152,2222
1152,7778
1153,3333
1153,8889
1154,4444
1155
1155,5556
1156,1111
1156,6667
1157,2222
1157,7778
1158,3333
1158,8889
1159,4444
1160
1160,5556
1161,1111
1161,6667
1162,2222
1162,7778
1163,3333
1163,8889
1164,4444
1165
1165,5556
1166,1111
1166,6667
1167,2222
1167,7778
1168,3333
1168,8889
1169,4444
1170
1170,5556
1171,1111
1171,6667
1172,2222
1172,7778
1173,3333
1173,8889
1174,4444
1175
1175,5556
1176,1111
1176,6667
1177,2222
1177,7778
1178,3333
1178,8889
1179,4444
1180
1180,5556
1181,1111
1181,6667
1182,2222
1182,7778
1183,3333
1183,8889
1184,4444
1185
1185,5556
1186,1111
1186,6667
1187,2222
1187,7778
1188,3333
1188,8889
1189,4444
1190
1190,5556
1191,1111
1191,6667
1192,2222
1192,7778
1193,3333
1193,8889
1194,4444
1195
1195,5556
1196,1111
1196,6667
1197,2222
1197,7778
1198,3333
1198,8889
1199,4444
1200
1200,5556
1201,1111
1201,6667
1202,2222
1202,7778
1203,3333
1203,8889
1204,4444
1205
1205,5556
1206,1111
1206,6667
1207,2222
1207,7778
1208,3333
1208,8889
1209,4444
1210
1210,5556
1211,1111
1211,6667
1212,2222
1212,7778
1213,3333
1213,8889
1214,4444
1215
1215,5556
1216,1111
1216,6667
1217,2222
1217,7778
1218,3333
1218,8889
1219,4444
1220
1220,5556
1221,1111
1221,6667
1222,2222
1222,7778
1223,3333
1223,8889
1224,4444
1225
1225,5556
1226,1111
1226,6667
1227,2222
1227,7778
1228,3333
1228,8889
1229,4444
1230
1230,5556
1231,1111
1231,6667
1232,2222
1232,7778
1233,3333
1233,8889
1234,4444
1235
1235,5556
1236,1111
1236,6667
1237,2222
1237,7778
1238,3333
1238,8889
1239,4444
1240
1240,5556
1241,1111
1241,6667
1242,2222
1242,7778
1243,3333
1243,8889
1244,4444
1245
1245,5556
1246,1111
1246,6667
1247,2222
1247,7778
1248,3333
1248,8889
1249,4444
1250
1250,5556
1251,1111
1251,6667
1252,2222
1252,7778
1253,3333
1253,8889
1254,4444
1255
1255,5556
1256,1111
1256,6667
1257,2222
1257,7778
1258,3333
1258,8889
1259,4444
1260
1260,5556
1261,1111
1261,6667
1262,2222
1262,7778
1263,3333
1263,8889
1264,4444
1265
1265,5556
1266,1111
1266,6667
1267,2222
1267,7778
1268,3333
1268,8889
1269,4444
1270
1270,5556
1271,1111
1271,6667
1272,2222
1272,7778
1273,3333
1273,8889
1274,4444
1275
1275,5556
1276,1111
1276,6667
1277,2222
1277,7778
1278,3333
1278,8889
1279,4444
1280
1280,5556
1281,1111
1281,6667
1282,2222
1282,7778
1283,3333
1283,8889
1284,4444
1285
1285,5556
1286,1111
1286,6667
1287,2222
1287,7778
1288,3333
1288,8889
1289,4444
1290
1290,5556
1291,1111
1291,6667
1292,2222
1292,7778
1293,3333
1293,8889
1294,4444
1295
1295,5556
1296,1111
1296,6667
1297,2222
1297,7778
1298,3333
1298,8889
1299,4444
1300
1300,5556
1301,1111
1301,6667
1302,2222
1302,7778
1303,3333
1303,8889
1304,4444
1305
1305,5556
1306,1111
1306,6667
1307,2222
1307,7778
1308,3333
1308,8889
1309,4444
1310
1310,5556
1311,1111
1311,6667
1312,2222
1312,7778
1313,3333
1313,8889
1314,4444
1315
1315,5556
1316,1111
1316,6667
1317,2222
1317,7778
1318,3333
1318,8889
1319,4444
1320
1320,5556
1321,1111
1321,6667
1322,2222
1322,7778
1323,3333
1323,8889
1324,4444
1325
1325,5556
1326,1111
1326,6667
1327,2222
1327,7778
1328,3333
1328,8889
1329,4444
1330
1330,5556
1331,1111
1331,6667
1332,2222
1332,7778
1333,3333
1333,8889
1334,4444
1335
1335,5556
1336,1111
1336,6667
1337,2222
1337,7778
1338,3333
1338,8889
1339,4444
1340
1340,5556
1341,1111
1341,6667
1342,2222
1342,7778
1343,3333
1343,8889
1344,4444
1345
1345,5556
1346,1111
1346,6667
1347,2222
1347,7778
1348,3333
1348,8889
1349,4444
1350
1350,5556
1351,1111
1351,6667
1352,2222
1352,7778
1353,3333
1353,8889
1354,4444
1355
1355,5556
1356,1111
1356,6667
1357,2222
1357,7778
1358,3333
1358,8889
1359,4444
1360
1360,5556
1361,1111
1361,6667
1362,2222
1362,7778
1363,3333
1363,8889
1364,4444
1365
1365,5556
1366,1111
1366,6667
1367,2222
1367,7778
1368,3333
1368,8889
1369,4444
1370
1370,5556
1371,1111
1371,6667
1372,2222
1372,7778
1373,3333
1373,8889
1374,4444
1375
1375,5556
1376,1111
1376,6667
1377,2222
1377,7778
1378,3333
1378,8889
1379,4444
1380
1380,5556
1381,1111
1381,6667
1382,2222
1382,7778
1383,3333
1383,8889
1384,4444
1385
1385,5556
1386,1111
1386,6667
1387,2222
1387,7778
1388,3333
1388,8889
1389,4444
1390
1390,5556
1391,1111
1391,6667
1392,2222
1392,7778
1393,3333
1393,8889
1394,4444
1395
1395,5556
1396,1111
1396,6667
1397,2222
1397,7778
1398,3333
1398,8889
1399,4444
1400
1400,2778
1400,5556
1400,8333
1401,1111
1401,3889
1401,6667
1401,9444
1402,2222
1402,5
1402,7778
1403,0556
1403,3333
1403,6111
1403,8889
1404,1667
1404,4444
1404,7222
1405
1405,2778
1405,5556
1405,8333
1406,1111
1406,3889
1406,6667
1406,9444
1407,2222
1407,5
1407,7778
1408,0556
1408,3333
1408,6111
1408,8889
1409,1667
1409,4444
1409,7222
1410
1410,2778
1410,5556
1410,8333
1411,1111
1411,3889
1411,6667
1411,9444
1412,2222
1412,5
1412,7778
1413,0556
1413,3333
1413,6111
1413,8889
1414,1667
1414,4444
1414,7222
1415
1415,2778
1415,5556
1415,8333
1416,1111
1416,3889
1416,6667
1416,9444
1417,2222
1417,5
1417,7778
1418,0556
1418,3333
1418,6111
1418,8889
1419,1667
1419,4444
1419,7222
1420
1420,2778
1420,5556
1420,8333
1421,1111
1421,3889
1421,6667
1421,9444
1422,2222
1422,5
1422,7778
1423,0556
1423,3333
1423,6111
1423,8889
1424,1667
1424,4444
1424,7222
1425
1425,2778
1425,5556
1425,8333
1426,1111
1426,3889
1426,6667
1426,9444
1427,2222
1427,5
1427,7778
1428,0556
1428,3333
1428,6111
1428,8889
1429,1667
1429,4444
1429,7222
1430
1430,2778
1430,5556
1430,8333
1431,1111
1431,3889
1431,6667
1431,9444
1432,2222
1432,5
1432,7778
1433,0556
1433,3333
1433,6111
1433,8889
1434,1667
1434,4444
1434,7222
1435
1435,2778
1435,5556
1435,8333
1436,1111
1436,3889
1436,6667
1436,9444
1437,2222
1437,5
1437,7778
1438,0556
1438,3333
1438,6111
1438,8889
1439,1667
1439,4444
1439,7222
1440
1440,2778
1440,5556
1440,8333
1441,1111
1441,3889
1441,6667
1441,9444
1442,2222
1442,5
1442,7778
1443,0556
1443,3333
1443,6111
1443,8889
1444,1667
1444,4444
1444,7222
1445
1445,2778
1445,5556
1445,8333
1446,1111
1446,3889
1446,6667
1446,9444
1447,2222
1447,5
1447,7778
1448,0556
1448,3333
1448,6111
1448,8889
1449,1667
1449,4444
1449,7222
1450
1450,2778
1450,5556
1450,8333
1451,1111
1451,3889
1451,6667
1451,9444
1452,2222
1452,5
1452,7778
1453,0556
1453,3333
1453,6111
1453,8889
1454,1667
1454,4444
1454,7222
1455
1455,2778
1455,5556
1455,8333
1456,1111
1456,3889
1456,6667
1456,9444
1457,2222
1457,5
1457,7778
1458,0556
1458,3333
1458,6111
1458,8889
1459,1667
1459,4444
1459,7222
1460
1460,2778
1460,5556
1460,8333
1461,1111
1461,3889
1461,6667
1461,9444
1462,2222
1462,5
1462,7778
1463,0556
1463,3333
1463,6111
1463,8889
1464,1667
1464,4444
1464,7222
1465
1465,2778
1465,5556
1465,8333
1466,1111
1466,3889
1466,6667
1466,9444
1467,2222
1467,5
1467,7778
1468,0556
1468,3333
1468,6111
1468,8889
1469,1667
1469,4444
1469,7222
1470
1470,2778
1470,5556
1470,8333
1471,1111
1471,3889
1471,6667
1471,9444
1472,2222
1472,5
1472,7778
1473,0556
1473,3333
1473,6111
1473,8889
1474,1667
1474,4444
1474,7222
1475
1475,2778
1475,5556
1475,8333
1476,1111
1476,3889
1476,6667
1476,9444
1477,2222
1477,5
1477,7778
1478,0556
1478,3333
1478,6111
1478,8889
1479,1667
1479,4444
1479,7222
1480
1480,2778
1480,5556
1480,8333
1481,1111
1481,3889
1481,6667
1481,9444
1482,2222
1482,5
1482,7778
1483,0556
1483,3333
1483,6111
1483,8889
1484,1667
1484,4444
1484,7222
1485
1485,2778
1485,5556
1485,8333
1486,1111
1486,3889
1486,6667
1486,9444
1487,2222
1487,5
1487,7778
1488,0556
1488,3333
1488,6111
1488,8889
1489,1667
1489,4444
1489,7222
1490
1490,2778
1490,5556
1490,8333
1491,1111
1491,3889
1491,6667
1491,9444
1492,2222
1492,5
1492,7778
1493,0556
1493,3333
1493,6111
1493,8889
1494,1667
1494,4444
1494,7222
1495
1495,2778
1495,5556
1495,8333
1496,1111
1496,3889
1496,6667
1496,9444
1497,2222
1497,5
1497,7778
1498,0556
1498,3333
1498,6111
1498,8889
1499,1667
1499,4444
1499,7222
1500
1499,7222
1499,4444
1499,1667
1498,8889
1498,6111
1498,3333
1498,0556
1497,7778
1497,5
1497,2222
1496,9444
1496,6667
1496,3889
1496,1111
1495,8333
1495,5556
1495,2778
1495
1494,7222
1494,4444
1494,1667
1493,8889
1493,6111
1493,3333
1493,0556
1492,7778
1492,5
1492,2222
1491,9444
1491,6667
1491,3889
1491,1111
1490,8333
1490,5556
1490,2778
1490
1489,7222
1489,4444
1489,1667
1488,8889
1488,6111
1488,3333
1488,0556
1487,7778
1487,5
1487,2222
1486,9444
1486,6667
1486,3889
1486,1111
1485,8333
1485,5556
1485,2778
1485
1484,7222
1484,4444
1484,1667
1483,8889
1483,6111
1483,3333
1483,0556
1482,7778
1482,5
1482,2222
1481,9444
1481,6667
1481,3889
1481,1111
1480,8333
1480,5556
1480,2778
1480
1479,7222
1479,4444
1479,1667
1478,8889
1478,6111
1478,3333
1478,0556
1477,7778
1477,5
1477,2222
1476,9444
1476,6667
1476,3889
1476,1111
1475,8333
1475,5556
1475,2778
1475
1474,7222
1474,4444
1474,1667
1473,8889
1473,6111
1473,3333
1473,0556
1472,7778
1472,5
1472,2222
1471,9444
1471,6667
1471,3889
1471,1111
1470,8333
1470,5556
1470,2778
1470
1469,7222
1469,4444
1469,1667
1468,8889
1468,6111
1468,3333
1468,0556
1467,7778
1467,5
1467,2222
1466,9444
1466,6667
1466,3889
1466,1111
1465,8333
1465,5556
1465,2778
1465
1464,7222
1464,4444
1464,1667
1463,8889
1463,6111
1463,3333
1463,0556
1462,7778
1462,5
1462,2222
1461,9444
1461,6667
1461,3889
1461,1111
1460,8333
1460,5556
1460,2778
1460
1459,7222
1459,4444
1459,1667
1458,8889
1458,6111
1458,3333
1458,0556
1457,7778
1457,5
1457,2222
1456,9444
1456,6667
1456,3889
1456,1111
1455,8333
1455,5556
1455,2778
1455
1454,7222
1454,4444
1454,1667
1453,8889
1453,6111
1453,3333
1453,0556
1452,7778
1452,5
1452,2222
1451,9444
1451,6667
1451,3889
1451,1111
1450,8333
1450,5556
1450,2778
1450
1449,7222
1449,4444
1449,1667
1448,8889
1448,6111
1448,3333
1448,0556
1447,7778
1447,5
1447,2222
1446,9444
1446,6667
1446,3889
1446,1111
1445,8333
1445,5556
1445,2778
1445
1444,7222
1444,4444
1444,1667
1443,8889
1443,6111
1443,3333
1443,0556
1442,7778
1442,5
1442,2222
1441,9444
1441,6667
1441,3889
1441,1111
1440,8333
1440,5556
1440,2778
1440
1439,7222
1439,4444
1439,1667
1438,8889
1438,6111
1438,3333
1438,0556
1437,7778
1437,5
1437,2222
1436,9444
1436,6667
1436,3889
1436,1111
1435,8333
1435,5556
1435,2778
1435
1434,7222
1434,4444
1434,1667
1433,8889
1433,6111
1433,3333
1433,0556
1432,7778
1432,5
1432,2222
1431,9444
1431,6667
1431,3889
1431,1111
1430,8333
1430,5556
1430,2778
1430
1429,7222
1429,4444
1429,1667
1428,8889
1428,6111
1428,3333
1428,0556
1427,7778
1427,5
1427,2222
1426,9444
1426,6667
1426,3889
1426,1111
1425,8333
1425,5556
1425,2778
1425
1424,7222
1424,4444
1424,1667
1423,8889
1423,6111
1423,3333
1423,0556
1422,7778
1422,5
1422,2222
1421,9444
1421,6667
1421,3889
1421,1111
1420,8333
1420,5556
1420,2778
1420
1419,7222
1419,4444
1419,1667
1418,8889
1418,6111
1418,3333
1418,0556
1417,7778
1417,5
1417,2222
1416,9444
1416,6667
1416,3889
1416,1111
1415,8333
1415,5556
1415,2778
1415
1414,7222
1414,4444
1414,1667
1413,8889
1413,6111
1413,3333
1413,0556
1412,7778
1412,5
1412,2222
1411,9444
1411,6667
1411,3889
1411,1111
1410,8333
1410,5556
1410,2778
1410
1409,7222
1409,4444
1409,1667
1408,8889
1408,6111
1408,3333
1408,0556
1407,7778
1407,5
1407,2222
1406,9444
1406,6667
1406,3889
1406,1111
1405,8333
1405,5556
1405,2778
1405
1404,7222
1404,4444
1404,1667
1403,8889
1403,6111
1403,3333
1403,0556
1402,7778
1402,5
1402,2222
1401,9444
1401,6667
1401,3889
1401,1111
1400,8333
1400,5556
1400,2778
1400
1399,4444
1398,8889
1398,3333
1397,7778
1397,2222
1396,6667
1396,1111
1395,5556
1395
1394,4444
1393,8889
1393,3333
1392,7778
1392,2222
1391,6667
1391,1111
1390,5556
1390
1389,4444
1388,8889
1388,3333
1387,7778
1387,2222
1386,6667
1386,1111
1385,5556
1385
1384,4444
1383,8889
1383,3333
1382,7778
1382,2222
1381,6667
1381,1111
1380,5556
1380
1379,4444
1378,8889
1378,3333
1377,7778
1377,2222
1376,6667
1376,1111
1375,5556
1375
1374,4444
1373,8889
1373,3333
1372,7778
1372,2222
1371,6667
1371,1111
1370,5556
1370
1369,4444
1368,8889
1368,3333
1367,7778
1367,2222
1366,6667
1366,1111
1365,5556
1365
1364,4444
1363,8889
1363,3333
1362,7778
1362,2222
1361,6667
1361,1111
1360,5556
1360
1359,4444
1358,8889
1358,3333
1357,7778
1357,2222
1356,6667
1356,1111
1355,5556
1355
1354,4444
1353,8889
1353,3333
1352,7778
1352,2222
1351,6667
1351,1111
1350,5556
1350
1349,4444
1348,8889
1348,3333
1347,7778
1347,2222
1346,6667
1346,1111
1345,5556
1345
1344,4444
1343,8889
1343,3333
1342,7778
1342,2222
1341,6667
1341,1111
1340,5556
1340
1339,4444
1338,8889
1338,3333
1337,7778
1337,2222
1336,6667
1336,1111
1335,5556
1335
1334,4444
1333,8889
1333,3333
1332,7778
1332,2222
1331,6667
1331,1111
1330,5556
1330
1329,4444
1328,8889
1328,3333
1327,7778
1327,2222
1326,6667
1326,1111
1325,5556
1325
1324,4444
1323,8889
1323,3333
1322,7778
1322,2222
1321,6667
1321,1111
1320,5556
1320
1319,4444
1318,8889
1318,3333
1317,7778
1317,2222
1316,6667
1316,1111
1315,5556
1315
1314,4444
1313,8889
1313,3333
1312,7778
1312,2222
1311,6667
1311,1111
1310,5556
1310
1309,4444
1308,8889
1308,3333
1307,7778
1307,2222
1306,6667
1306,1111
1305,5556
1305
1304,4444
1303,8889
1303,3333
1302,7778
1302,2222
1301,6667
1301,1111
1300,5556
1300
1299,4444
1298,8889
1298,3333
1297,7778
1297,2222
1296,6667
1296,1111
1295,5556
1295
1294,4444
1293,8889
1293,3333
1292,7778
1292,2222
1291,6667
1291,1111
1290,5556
1290
1289,4444
1288,8889
1288,3333
1287,7778
1287,2222
1286,6667
1286,1111
1285,5556
1285
1284,4444
1283,8889
1283,3333
1282,7778
1282,2222
1281,6667
1281,1111
1280,5556
1280
1279,4444
1278,8889
1278,3333
1277,7778
1277,2222
1276,6667
1276,1111
1275,5556
1275
1274,4444
1273,8889
1273,3333
1272,7778
1272,2222
1271,6667
1271,1111
1270,5556
1270
1269,4444
1268,8889
1268,3333
1267,7778
1267,2222
1266,6667
1266,1111
1265,5556
1265
1264,4444
1263,8889
1263,3333
1262,7778
1262,2222
1261,6667
1261,1111
1260,5556
1260
1259,4444
1258,8889
1258,3333
1257,7778
1257,2222
1256,6667
1256,1111
1255,5556
1255
1254,4444
1253,8889
1253,3333
1252,7778
1252,2222
1251,6667
1251,1111
1250,5556
1250
1249,4444
1248,8889
1248,3333
1247,7778
1247,2222
1246,6667
1246,1111
1245,5556
1245
1244,4444
1243,8889
1243,3333
1242,7778
1242,2222
1241,6667
1241,1111
1240,5556
1240
1239,4444
1238,8889
1238,3333
1237,7778
1237,2222
1236,6667
1236,1111
1235,5556
1235
1234,4444
1233,8889
1233,3333
1232,7778
1232,2222
1231,6667
1231,1111
1230,5556
1230
1229,4444
1228,8889
1228,3333
1227,7778
1227,2222
1226,6667
1226,1111
1225,5556
1225
1224,4444
1223,8889
1223,3333
1222,7778
1222,2222
1221,6667
1221,1111
1220,5556
1220
1219,4444
1218,8889
1218,3333
1217,7778
1217,2222
1216,6667
1216,1111
1215,5556
1215
1214,4444
1213,8889
1213,3333
1212,7778
1212,2222
1211,6667
1211,1111
1210,5556
1210
1209,4444
1208,8889
1208,3333
1207,7778
1207,2222
1206,6667
1206,1111
1205,5556
1205
1204,4444
1203,8889
1203,3333
1202,7778
1202,2222
1201,6667
1201,1111
1200,5556
1200
1198,3333
1196,6667
1195
1193,3333
1191,6667
1190
1188,3333
1186,6667
1185
1183,3333
1181,6667
1180
1178,3333
1176,6667
1175
1173,3333
1171,6667
1170
1168,3333
1166,6667
1165
1163,3333
1161,6667
1160
1158,3333
1156,6667
1155
1153,3333
1151,6667
1150
1148,3333
1146,6667
1145
1143,3333
1141,6667
1140
1138,3333
1136,6667
1135
1133,3333
1131,6667
1130
1128,3333
1126,6667
1125
1123,3333
1121,6667
1120
1118,3333
1116,6667
1115
1113,3333
1111,6667
1110
1108,3333
1106,6667
1105
1103,3333
1101,6667
1100
1098,3333
1096,6667
1095
1093,3333
1091,6667
1090
1088,3333
1086,6667
1085
1083,3333
1081,6667
1080
1078,3333
1076,6667
1075
1073,3333
1071,6667
1070
1068,3333
1066,6667
1065
1063,3333
1061,6667
1060
1058,3333
1056,6667
1055
1053,3333
1051,6667
1050
1048,3333
1046,6667
1045
1043,3333
1041,6667
1040
1038,3333
1036,6667
1035
1033,3333
1031,6667
1030
1028,3333
1026,6667
1025
1023,3333
1021,6667
1020
1018,3333
1016,6667
1015
1013,3333
1011,6667
1010
1008,3333
1006,6667
1005
1003,3333
1001,6667
1000
998,3333
996,6667
995
993,3333
991,6667
990
988,3333
986,6667
985
983,3333
981,6667
980
978,3333
976,6667
975
973,3333
971,6667
970
968,3333
966,6667
965
963,3333
961,6667
960
958,3333
956,6667
955
953,3333
951,6667
950
948,3333
946,6667
945
943,3333
941,6667
940
938,3333
936,6667
935
933,3333
931,6667
930
928,3333
926,6667
925
923,3333
921,6667
920
918,3333
916,6667
915
913,3333
911,6667
910
908,3333
906,6667
905
903,3333
901,6667
900
898,3333
896,6667
895
893,3333
891,6667
890
888,3333
886,6667
885
883,3333
881,6667
880
878,3333
876,6667
875
873,3333
871,6667
870
868,3333
866,6667
865
863,3333
861,6667
860
858,3333
856,6667
855
853,3333
851,6667
850
848,3333
846,6667
845
843,3333
841,6667
840
838,3333
836,6667
835
833,3333
831,6667
830
828,3333
826,6667
825
823,3333
821,6667
820
818,3333
816,6667
815
813,3333
811,6667
810
808,3333
806,6667
805
803,3333
801,6667
800
798,3333
796,6667
795
793,3333
791,6667
790
788,3333
786,6667
785
783,3333
781,6667
780
778,3333
776,6667
775
773,3333
771,6667
770
768,3333
766,6667
765
763,3333
761,6667
760
758,3333
756,6667
755
753,3333
751,6667
750
748,3333
746,6667
745
743,3333
741,6667
740
738,3333
736,6667
735
733,3333
731,6667
730
728,3333
726,6667
725
723,3333
721,6667
720
718,3333
716,6667
715
713,3333
711,6667
710
708,3333
706,6667
705
703,3333
701,6667
700
698,3333
696,6667
695
693,3333
691,6667
690
688,3333
686,6667
685
683,3333
681,6667
680
678,3333
676,6667
675
673,3333
671,6667
670
668,3333
666,6667
665
663,3333
661,6667
660
658,3333
656,6667
655
653,3333
651,6667
650
648,3333
646,6667
645
643,3333
641,6667
640
638,3333
636,6667
635
633,3333
631,6667
630
628,3333
626,6667
625
623,3333
621,6667
620
618,3333
616,6667
615
613,3333
611,6667
610
608,3333
606,6667
605
603,3333
601,6667
600
598,8889
597,7778
596,6667
595,5556
594,4444
593,3333
592,2222
591,1111
590
588,8889
587,7778
586,6667
585,5556
584,4444
583,3333
582,2222
581,1111
580
578,8889
577,7778
576,6667
575,5556
574,4444
573,3333
572,2222
571,1111
570
568,8889
567,7778
566,6667
565,5556
564,4444
563,3333
562,2222
561,1111
560
558,8889
557,7778
556,6667
555,5556
554,4444
553,3333
552,2222
551,1111
550
548,8889
547,7778
546,6667
545,5556
544,4444
543,3333
542,2222
541,1111
540
538,8889
537,7778
536,6667
535,5556
534,4444
533,3333
532,2222
531,1111
530
528,8889
527,7778
526,6667
525,5556
524,4444
523,3333
522,2222
521,1111
520
518,8889
517,7778
516,6667
515,5556
514,4444
513,3333
512,2222
511,1111
510
508,8889
507,7778
506,6667
505,5556
504,4444
503,3333
502,2222
501,1111
500
