15,993
15,986
15,979
15,972
15,9651
15,9581
15,9511
15,9442
15,9373
15,9303
15,9234
15,9165
15,9095
15,9026
15,8957
15,8888
15,8819
15,8751
15,8682
15,8613
15,8545
15,8476
15,8408
15,8339
15,8271
15,8203
15,8134
15,8066
15,7998
15,793
15,7862
15,7794
15,7727
15,7659
15,7591
15,7524
15,7456
15,7389
15,7321
15,7254
15,7187
15,7119
15,7052
15,6985
15,6918
15,6851
15,6785
15,6718
15,6651
15,6584
15,6518
15,6451
15,6385
15,6318
15,6252
15,6186
15,612
15,6054
15,5988
15,5922
15,5856
15,579
15,5724
15,5658
15,5593
15,5527
15,5461
15,5396
15,5331
15,5265
15,52
15,5135
15,507
15,5005
15,494
15,4875
15,481
15,4745
15,468
15,4616
15,4551
15,4486
15,4422
15,4357
15,4293
15,4229
15,4165
15,41
15,4036
15,3972
15,3908
15,3844
15,3781
15,3717
15,3653
15,3589
15,3526
15,3462
15,3399
15,3335
15,3272
15,3209
15,3146
15,3082
15,3019
15,2956
15,2893
15,2831
15,2768
15,2705
15,2642
15,258
15,2517
15,2454
15,2392
15,233
15,2267
15,2205
15,2143
15,2081
15,2019
15,1957
15,1895
15,1833
15,1771
15,1709
15,1647
15,1586
15,1524
15,1463
15,1401
15,134
15,1278
15,1217
15,1156
15,1095
15,1034
15,0973
15,0912
15,0851
15,079
15,0729
15,0668
15,0608
15,0547
15,0487
15,0426
15,0366
15,0305
15,0245
15,0185
15,0125
15,0064
15,0004
14,9944
14,9884
14,9825
14,9765
14,9705
14,9645
14,9586
14,9526
14,9467
14,9407
14,9348
14,9288
14,9229
14,917
14,9111
14,9052
14,8992
14,8933
14,8875
14,8816
14,8757
14,8698
14,8639
14,8581
14,8522
14,8464
14,8405
14,8347
14,8288
14,823
14,8172
14,8114
14,8056
14,7998
14,794
14,7882
14,7824
14,7766
14,7708
14,765
14,7593
14,7535
14,7478
14,742
14,7363
14,7305
14,7248
14,7191
14,7134
14,7077
14,7019
14,6962
14,6905
14,6849
14,6792
14,6735
14,6678
14,6622
14,6565
14,6508
14,6452
14,6395
14,6339
14,6283
14,6226
14,617
14,6114
14,6058
14,6002
14,5946
14,589
14,5834
14,5778
14,5722
14,5667
14,5611
14,5555
14,55
14,5444
14,5389
14,5333
14,5278
14,5223
14,5168
14,5112
14,5057
14,5002
14,4947
14,4892
14,4837
14,4783
14,4728
14,4673
14,4618
14,4564
14,4509
14,4455
14,44
14,4346
14,4292
14,4237
14,4183
14,4129
14,4075
14,4021
14,3967
14,3913
14,3859
14,3805
14,3751
14,3697
14,3644
14,359
14,3536
14,3483
14,3429
14,3376
14,3323
14,3269
14,3216
14,3163
14,311
14,3056
14,3003
14,295
14,2897
14,2845
14,2792
14,2739
14,2686
14,2633
14,2581
14,2528
14,2476
14,2423
14,2371
14,2318
14,2266
14,2214
14,2162
14,211
14,2057
14,2005
14,1953
14,1901
14,1849
14,1798
14,1746
14,1694
14,1642
14,1591
14,1539
14,1488
14,1436
14,1385
14,1333
14,1282
14,1231
14,1179
14,1128
14,1077
14,1026
14,0975
14,0924
14,0873
14,0822
14,0771
14,0721
14,067
14,0619
14,0569
14,0518
14,0468
14,0417
14,0367
14,0316
14,0266
14,0216
14,0166
14,0115
14,0065
14,0015
13,9965
13,9915
13,9865
13,9815
13,9766
13,9716
13,9666
13,9616
13,9567
13,9517
13,9468
13,9418
13,9369
13,932
13,927
13,9221
13,9172
13,9123
13,9073
13,9024
13,8975
13,8926
13,8877
13,8829
13,878
13,8731
13,8682
13,8633
13,8585
13,8536
13,8487
13,8439
13,839
13,8341
13,8293
13,8244
13,8195
13,8147
13,8098
13,805
13,8001
13,7953
13,7904
13,7856
13,7808
13,7759
13,7711
13,7662
13,7614
13,7566
13,7518
13,7469
13,7421
13,7373
13,7325
13,7276
13,7228
13,718
13,7132
13,7084
13,7036
13,6988
13,694
13,6892
13,6844
13,6796
13,6748
13,67
13,6652
13,6604
13,6556
13,6508
13,646
13,6412
13,6365
13,6317
13,6269
13,6221
13,6174
13,6126
13,6078
13,6031
13,5983
13,5935
13,5888
13,584
13,5793
13,5745
13,5698
13,565
13,5603
13,5555
13,5508
13,546
13,5413
13,5365
13,5318
13,5271
13,5223
13,5176
13,5129
13,5082
13,5034
13,4987
13,494
13,4893
13,4846
13,4798
13,4751
13,4704
13,4657
13,461
13,4563
13,4516
13,4469
13,4422
13,4375
13,4328
13,4281
13,4234
13,4187
13,414
13,4093
13,4047
13,4
13,3953
13,3906
13,3859
13,3813
13,3766
13,3719
13,3673
13,3626
13,3579
13,3533
13,3486
13,3439
13,3393
13,3346
13,33
13,3253
13,3207
13,316
13,3114
13,3067
13,3021
13,2974
13,2928
13,2882
13,2835
13,2789
13,2743
13,2696
13,265
13,2604
13,2558
13,2511
13,2465
13,2419
13,2373
13,2327
13,228
13,2234
13,2188
13,2142
13,2096
13,205
13,2004
13,1958
13,1912
13,1866
13,182
13,1774
13,1728
13,1682
13,1637
13,1591
13,1545
13,1499
13,1453
13,1407
13,1362
13,1316
13,127
13,1224
13,1179
13,1133
13,1087
13,1042
13,0996
13,0951
13,0905
13,0859
13,0814
13,0768
13,0723
13,0677
13,0632
13,0586
13,0541
13,0495
13,045
13,0405
13,0359
13,0314
13,0269
13,0223
13,0178
13,0133
13,0087
13,0042
12,9997
12,9952
12,9906
12,9861
12,9816
12,9771
12,9726
12,9681
12,9636
12,9591
12,9545
12,95
12,9455
12,941
12,9365
12,932
12,9275
12,9231
12,9186
12,9141
12,9096
12,9051
12,9006
12,8961
12,8916
12,8872
12,8827
12,8782
12,8737
12,8693
12,8648
12,8603
12,8558
12,8514
12,8469
12,8424
12,838
12,8335
12,8291
12,8246
12,8202
12,8157
12,8113
12,8068
12,8024
12,7979
12,7935
12,789
12,7846
12,7801
12,7757
12,7713
12,7668
12,7624
12,758
12,7535
12,7491
12,7447
12,7402
12,7358
12,7314
12,727
12,7226
12,7181
12,7137
12,7093
12,7049
12,7005
12,6961
12,6917
12,6873
12,6829
12,6785
12,6741
12,6697
12,6653
12,6609
12,6565
12,6521
12,6477
12,6433
12,6389
12,6345
12,6301
12,6258
12,6214
12,617
12,6126
12,6083
12,6039
12,5995
12,5951
12,5908
12,5864
12,582
12,5777
12,5733
12,5689
12,5646
12,5602
12,5559
12,5515
12,5471
12,5428
12,5384
12,5341
12,5297
12,5254
12,5211
12,5167
12,5124
12,508
12,5037
12,4994
12,495
12,4907
12,4864
12,482
12,4777
12,4734
12,469
12,4647
12,4604
12,4561
12,4517
12,4474
12,4431
12,4388
12,4345
12,4302
12,4259
12,4216
12,4172
12,4129
12,4086
12,4043
12,4
12,3957
12,3914
12,3871
12,3828
12,3785
12,3743
12,37
12,3657
12,3614
12,3571
12,3528
12,3485
12,3442
12,34
12,3357
12,3314
12,3271
12,3229
12,3186
12,3143
12,31
12,3058
12,3015
12,2972
12,293
12,2887
12,2845
12,2802
12,2759
12,2717
12,2674
12,2632
12,2589
12,2547
12,2504
12,2462
12,2419
12,2377
12,2334
12,2292
12,225
12,2208
12,2165
12,2123
12,2081
12,2039
12,1997
12,1955
12,1913
12,1871
12,1829
12,1787
12,1746
12,1704
12,1662
12,1621
12,1579
12,1537
12,1496
12,1454
12,1413
12,1371
12,133
12,1289
12,1247
12,1206
12,1165
12,1124
12,1083
12,1042
12,1001
12,096
12,0919
12,0878
12,0837
12,0796
12,0755
12,0714
12,0674
12,0633
12,0592
12,0552
12,0511
12,0471
12,043
12,039
12,0349
12,0309
12,0269
12,0229
12,0188
12,0148
12,0108
12,0068
12,0028
11,9988
11,9948
11,9908
11,9868
11,9828
11,9788
11,9748
11,9709
11,9669
11,9629
11,959
11,955
11,9511
11,9471
11,9432
11,9392
11,9353
11,9313
11,9274
11,9235
11,9196
11,9156
11,9117
11,9078
11,9039
11,9
11,8961
11,8922
11,8883
11,8844
11,8805
11,8767
11,8728
11,8689
11,865
11,8612
11,8573
11,8535
11,8496
11,8458
11,8419
11,8381
11,8342
11,8304
11,8266
11,8227
11,8189
11,8151
11,8113
11,8075
11,8037
11,7999
11,7961
11,7923
11,7885
11,7847
11,7809
11,7771
11,7733
11,7696
11,7658
11,762
11,7583
11,7545
11,7508
11,747
11,7433
11,7395
11,7358
11,732
11,7283
11,7246
11,7209
11,7171
11,7134
11,7097
11,706
11,7023
11,6986
11,6949
11,6912
11,6875
11,6838
11,6801
11,6764
11,6728
11,6691
11,6654
11,6618
11,6581
11,6544
11,6508
11,6471
11,6435
11,6398
11,6362
11,6326
11,6289
11,6253
11,6217
11,6181
11,6144
11,6108
11,6072
11,6036
11,6
11,5964
11,5928
11,5892
11,5856
11,582
11,5785
11,5749
11,5713
11,5677
11,5642
11,5606
11,557
11,5535
11,5499
11,5464
11,5428
11,5393
11,5358
11,5322
11,5287
11,5252
11,5216
11,5181
11,5146
11,5111
11,5076
11,5041
11,5006
11,4971
11,4936
11,4901
11,4866
11,4831
11,4796
11,4761
11,4727
11,4692
11,4657
11,4622
11,4588
11,4553
11,4519
11,4484
11,445
11,4415
11,4381
11,4346
11,4312
11,4278
11,4243
11,4209
11,4175
11,4141
11,4107
11,4073
11,4039
11,4004
11,397
11,3937
11,3903
11,3869
11,3835
11,3801
11,3767
11,3733
11,37
11,3666
11,3632
11,3599
11,3565
11,3532
11,3498
11,3464
11,3431
11,3398
11,3364
11,3331
11,3297
11,3264
11,3231
11,3198
11,3165
11,3131
11,3098
11,3065
11,3032
11,2999
11,2966
11,2933
11,29
11,2867
11,2834
11,2802
11,2769
11,2736
11,2703
11,2671
11,2638
11,2605
11,2573
11,254
11,2507
11,2475
11,2442
11,241
11,2378
11,2345
11,2313
11,2281
11,2248
11,2216
11,2184
11,2152
11,212
11,2087
11,2055
11,2023
11,1991
11,1959
11,1927
11,1895
11,1863
11,1832
11,18
11,1768
11,1736
11,1704
11,1673
11,1641
11,1609
11,1578
11,1546
11,1515
11,1483
11,1452
11,142
11,1389
11,1357
11,1326
11,1295
11,1263
11,1232
11,1201
11,117
11,1139
11,1107
11,1076
11,1045
11,1014
11,0983
11,0952
11,0921
11,089
11,0859
11,0829
11,0798
11,0767
11,0736
11,0705
11,0675
11,0644
11,0613
11,0583
11,0552
11,0522
11,0491
11,0461
11,043
11,04
11,0369
11,0339
11,0309
11,0278
11,0248
11,0218
11,0188
11,0157
11,0127
11,0097
11,0067
11,0037
11,0007
10,9977
10,9947
10,9917
10,9887
10,9857
10,9827
10,9798
10,9768
10,9738
10,9708
10,9679
10,9649
10,9619
10,959
10,956
10,953
10,9501
10,9471
10,9442
10,9412
10,9382
10,9353
10,9323
10,9294
10,9264
10,9234
10,9205
10,9175
10,9146
10,9116
10,9086
10,9057
10,9027
10,8998
10,8968
10,8938
10,8909
10,8879
10,885
10,882
10,8791
10,8761
10,8731
10,8702
10,8672
10,8643
10,8613
10,8584
10,8554
10,8525
10,8495
10,8465
10,8436
10,8406
10,8377
10,8347
10,8318
10,8288
10,8259
10,8229
10,82
10,817
10,814
10,8111
10,8081
10,8052
10,8022
10,7993
10,7963
10,7934
10,7904
10,7875
10,7845
10,7816
10,7786
10,7757
10,7727
10,7698
10,7668
10,7639
10,7609
10,758
10,755
10,7521
10,7491
10,7462
10,7432
10,7403
10,7373
10,7344
10,7314
10,7285
10,7255
10,7226
10,7196
10,7167
10,7137
10,7108
10,7079
10,7049
10,702
10,699
10,6961
10,6931
10,6902
10,6872
10,6843
10,6813
10,6784
10,6754
10,6725
10,6696
10,6666
10,6637
10,6607
10,6578
10,6548
10,6519
10,6489
10,646
10,6431
10,6401
10,6372
10,6342
10,6313
10,6283
10,6254
10,6225
10,6195
10,6166
10,6136
10,6107
10,6078
10,6048
10,6019
10,5989
10,596
10,5931
10,5901
10,5872
10,5842
10,5813
10,5784
10,5754
10,5725
10,5695
10,5666
10,5637
10,5607
10,5578
10,5548
10,5519
10,549
10,546
10,5431
10,5402
10,5372
10,5343
10,5313
10,5284
10,5255
10,5225
10,5196
10,5167
10,5137
10,5108
10,5079
10,5049
10,502
10,499
10,4961
10,4932
10,4902
10,4873
10,4844
10,4814
10,4785
10,4756
10,4726
10,4697
10,4668
10,4638
10,4609
10,458
10,455
10,4521
10,4492
10,4462
10,4433
10,4404
10,4374
10,4345
10,4316
10,4286
10,4257
10,4228
10,4198
10,4169
10,414
10,4111
10,4081
10,4052
10,4023
10,3993
10,3964
10,3935
10,3905
10,3876
10,3847
10,3818
10,3788
10,3759
10,373
10,37
10,3671
10,3642
10,3613
10,3583
10,3554
10,3525
10,3495
10,3466
10,3437
10,3408
10,3378
10,3349
10,332
10,3291
10,3261
10,3232
10,3203
10,3174
10,3144
10,3115
10,3086
10,3057
10,3027
10,2998
10,2969
10,294
10,291
10,2881
10,2852
10,2823
10,2793
10,2764
10,2735
10,2706
10,2676
10,2647
10,2618
10,2589
10,2559
10,253
10,2501
10,2472
10,2443
10,2413
10,2384
10,2355
10,2326
10,2296
10,2267
10,2238
10,2209
10,218
10,215
10,2121
10,2092
10,2063
10,2034
10,2004
10,1975
10,1946
10,1917
10,1888
10,1858
10,1829
10,18
10,1771
10,1742
10,1712
10,1683
10,1654
10,1625
10,1596
10,1567
10,1537
10,1508
10,1479
10,145
10,1421
10,1392
10,1362
10,1333
10,1304
10,1275
10,1246
10,1217
10,1187
10,1158
10,1129
10,11
10,1071
10,1042
10,1012
10,0983
10,0954
10,0925
10,0896
10,0867
10,0838
10,0808
10,0779
10,075
10,0721
10,0692
10,0663
10,0634
10,0604
10,0575
10,0546
10,0517
10,0488
10,0459
10,043
10,0401
10,0371
10,0342
10,0313
10,0284
10,0255
10,0226
10,0197
10,0168
10,0139
10,0109
10,008
10,0051
10,0022
9,9993
9,9964
9,9935
9,9906
9,9877
9,9847
9,9818
9,9789
9,976
9,9731
9,9702
9,9673
9,9644
9,9615
9,9586
9,9557
9,9527
9,9498
9,9469
9,944
9,9411
9,9382
9,9353
9,9324
9,9295
9,9266
9,9237
9,9208
9,9179
9,9149
9,912
9,9091
9,9062
9,9033
9,9004
9,8975
9,8946
9,8917
9,8888
9,8859
9,8831
9,8802
9,8773
9,8744
9,8715
9,8687
9,8658
9,8629
9,8601
9,8572
9,8544
9,8515
9,8487
9,8458
9,843
9,8401
9,8373
9,8344
9,8316
9,8288
9,8259
9,8231
9,8203
9,8175
9,8147
9,8118
9,809
9,8062
9,8034
9,8006
9,7978
9,795
9,7922
9,7894
9,7866
9,7838
9,7811
9,7783
9,7755
9,7727
9,77
9,7672
9,7644
9,7617
9,7589
9,7561
9,7534
9,7506
9,7479
9,7451
9,7424
9,7396
9,7369
9,7342
9,7314
9,7287
9,726
9,7232
9,7205
9,7178
9,7151
9,7124
9,7097
9,7069
9,7042
9,7015
9,6988
9,6961
9,6934
9,6907
9,6881
9,6854
9,6827
9,68
9,6773
9,6746
9,672
9,6693
9,6666
9,664
9,6613
9,6586
9,656
9,6533
9,6507
9,648
9,6454
9,6427
9,6401
9,6374
9,6348
9,6322
9,6295
9,6269
9,6243
9,6217
9,619
9,6164
9,6138
9,6112
9,6086
9,606
9,6034
9,6008
9,5982
9,5956
9,593
9,5904
9,5878
9,5852
9,5826
9,58
9,5774
9,5749
9,5723
9,5697
9,5671
9,5646
9,562
9,5595
9,5569
9,5543
9,5518
9,5492
9,5467
9,5441
9,5416
9,539
9,5365
9,534
9,5314
9,5289
9,5264
9,5239
9,5213
9,5188
9,5163
9,5138
9,5113
9,5087
9,5062
9,5037
9,5012
9,4987
9,4962
9,4937
9,4912
9,4887
9,4863
9,4838
9,4813
9,4788
9,4763
9,4738
9,4714
9,4689
9,4664
9,464
9,4615
9,459
9,4566
9,4541
9,4517
9,4492
9,4468
9,4443
9,4419
9,4394
9,437
9,4346
9,4321
9,4297
9,4273
9,4248
9,4224
9,42
9,4176
9,4152
9,4127
9,4103
9,4079
9,4055
9,4031
9,4007
9,3983
9,3959
9,3935
9,3911
9,3887
9,3863
9,3839
9,3816
9,3792
9,3768
9,3744
9,372
9,3697
9,3673
9,3649
9,3626
9,3602
9,3579
9,3555
9,3531
9,3508
9,3484
9,3461
9,3437
9,3414
9,3391
9,3367
9,3344
9,332
9,3297
9,3274
9,3251
9,3227
9,3204
9,3181
9,3158
9,3135
9,3111
9,3088
9,3065
9,3042
9,3019
9,2996
9,2973
9,295
9,2927
9,2904
9,2881
9,2858
9,2836
9,2813
9,279
9,2767
9,2744
9,2722
9,2699
9,2676
9,2654
9,2631
9,2608
9,2586
9,2563
9,2541
9,2518
9,2495
9,2473
9,245
9,2428
9,2406
9,2383
9,2361
9,2338
9,2316
9,2294
9,2272
9,2249
9,2227
9,2205
9,2183
9,216
9,2138
9,2116
9,2094
9,2072
9,205
9,2028
9,2006
9,1984
9,1962
9,194
9,1918
9,1896
9,1874
9,1852
9,183
9,1808
9,1787
9,1765
9,1743
9,1721
9,17
9,1678
9,1656
9,1635
9,1613
9,1591
9,157
9,1548
9,1527
9,1505
9,1484
9,1462
9,1441
9,1419
9,1398
9,1376
9,1355
9,1334
9,1312
9,1291
9,127
9,1248
9,1227
9,1206
9,1185
9,1164
9,1142
9,1121
9,11
9,1079
9,1058
9,1037
9,1016
9,0995
9,0974
9,0953
9,0932
9,0911
9,089
9,0869
9,0848
9,0828
9,0807
9,0786
9,0765
9,0744
9,0724
9,0703
9,0682
9,0661
9,0641
9,062
9,06
9,0579
9,0558
9,0538
9,0517
9,0497
9,0476
9,0456
9,0435
9,0415
9,0394
9,0374
9,0354
9,0333
9,0313
9,0293
9,0272
9,0252
9,0232
9,0212
9,0191
9,0171
9,0151
9,013
9,011
9,009
9,0069
9,0049
9,0029
9,0008
8,9988
8,9968
8,9947
8,9927
8,9906
8,9886
8,9866
8,9845
8,9825
8,9804
8,9784
8,9763
8,9743
8,9722
8,9702
8,9681
8,9661
8,9641
8,962
8,96
8,9579
8,9558
8,9538
8,9517
8,9497
8,9476
8,9456
8,9435
8,9415
8,9394
8,9373
8,9353
8,9332
8,9312
8,9291
8,927
8,925
8,9229
8,9208
8,9188
8,9167
8,9146
8,9126
8,9105
8,9084
8,9064
8,9043
8,9022
8,9002
8,8981
8,896
8,8939
8,8919
8,8898
8,8877
8,8856
8,8836
8,8815
8,8794
8,8773
8,8752
8,8732
8,8711
8,869
8,8669
8,8648
8,8628
8,8607
8,8586
8,8565
8,8544
8,8523
8,8502
8,8481
8,8461
8,844
8,8419
8,8398
8,8377
8,8356
8,8335
8,8314
8,8293
8,8272
8,8251
8,823
8,8209
8,8188
8,8167
8,8146
8,8125
8,8104
8,8083
8,8062
8,8041
8,802
8,7999
8,7978
8,7957
8,7936
8,7915
8,7894
8,7873
8,7852
8,783
8,7809
8,7788
8,7767
8,7746
8,7725
8,7704
8,7683
8,7661
8,764
8,7619
8,7598
8,7577
8,7555
8,7534
8,7513
8,7492
8,7471
8,7449
8,7428
8,7407
8,7386
8,7364
8,7343
8,7322
8,7301
8,7279
8,7258
8,7237
8,7216
8,7194
8,7173
8,7152
8,713
8,7109
8,7088
8,7066
8,7045
8,7024
8,7002
8,6981
8,696
8,6938
8,6917
8,6895
8,6874
8,6853
8,6831
8,681
8,6788
8,6767
8,6746
8,6724
8,6703
8,6681
8,666
8,6638
8,6617
8,6595
8,6574
8,6552
8,6531
8,6509
8,6488
8,6466
8,6445
8,6423
8,6402
8,638
8,6359
8,6337
8,6316
8,6294
8,6272
8,6251
8,6229
8,6208
8,6186
8,6164
8,6143
8,6121
8,61
8,6078
8,6056
8,6035
8,6013
8,5991
8,597
8,5948
8,5926
8,5905
8,5883
8,5861
8,584
8,5818
8,5796
8,5775
8,5753
8,5731
8,5709
8,5688
8,5666
8,5644
8,5622
8,5601
8,5579
8,5557
8,5535
8,5514
8,5492
8,547
8,5448
8,5426
8,5404
8,5383
8,5361
8,5339
8,5317
8,5295
8,5273
8,5252
8,523
8,5208
8,5186
8,5164
8,5142
8,512
8,5098
8,5077
8,5055
8,5033
8,5011
8,4989
8,4967
8,4945
8,4923
8,4901
8,4879
8,4857
8,4835
8,4813
8,4791
8,4769
8,4747
8,4725
8,4703
8,4681
8,4659
8,4637
8,4615
8,4593
8,4571
8,4549
8,4527
8,4505
8,4483
8,4461
8,4439
8,4417
8,4395
8,4373
8,435
8,4328
8,4306
8,4284
8,4262
8,424
8,4218
8,4196
8,4174
8,4151
8,4129
8,4107
8,4085
8,4063
8,4041
8,4018
8,3996
8,3974
8,3952
8,393
8,3907
8,3885
8,3863
8,3841
8,3818
8,3796
8,3774
8,3752
8,373
8,3707
8,3685
8,3663
8,364
8,3618
8,3596
8,3574
8,3551
8,3529
8,3507
8,3484
8,3462
8,344
8,3417
8,3395
8,3373
8,335
8,3328
8,3306
8,3283
8,3261
8,3239
8,3216
8,3194
8,3171
8,3149
8,3127
8,3104
8,3082
8,3059
8,3037
8,3015
8,2992
8,297
8,2947
8,2925
8,2902
8,288
8,2857
8,2835
8,2813
8,279
8,2768
8,2745
8,2723
8,27
8,2678
8,2655
8,2633
8,261
8,2587
8,2565
8,2542
8,252
8,2497
8,2475
8,2452
8,243
8,2407
8,2385
8,2363
8,234
8,2318
8,2296
8,2273
8,2251
8,2229
8,2207
8,2184
8,2162
8,214
8,2118
8,2096
8,2074
8,2052
8,203
8,2008
8,1986
8,1964
8,1942
8,192
8,1898
8,1876
8,1854
8,1832
8,181
8,1788
8,1767
8,1745
8,1723
8,1701
8,168
8,1658
8,1636
8,1615
8,1593
8,1572
8,155
8,1528
8,1507
8,1485
8,1464
8,1442
8,1421
8,14
8,1378
8,1357
8,1335
8,1314
8,1293
8,1272
8,125
8,1229
8,1208
8,1187
8,1165
8,1144
8,1123
8,1102
8,1081
8,106
8,1039
8,1018
8,0997
8,0976
8,0955
8,0934
8,0913
8,0892
8,0871
8,085
8,0829
8,0808
8,0788
8,0767
8,0746
8,0725
8,0705
8,0684
8,0663
8,0643
8,0622
8,0601
8,0581
8,056
8,054
8,0519
8,0498
8,0478
8,0458
8,0437
8,0417
8,0396
8,0376
8,0355
8,0335
8,0315
8,0294
8,0274
8,0254
8,0234
8,0213
8,0193
8,0173
8,0153
8,0133
8,0112
8,0092
8,0072
8,0052
8,0032
8,0012
7,9992
7,9972
7,9952
7,9932
7,9912
7,9892
7,9872
7,9853
7,9833
7,9813
7,9793
7,9773
7,9754
7,9734
7,9714
7,9694
7,9675
7,9655
7,9635
7,9616
7,9596
7,9576
7,9557
7,9537
7,9518
7,9498
7,9479
7,9459
7,944
7,942
7,9401
7,9382
7,9362
7,9343
7,9323
7,9304
7,9285
7,9266
7,9246
7,9227
7,9208
7,9189
7,9169
7,915
7,9131
7,9112
7,9093
7,9074
7,9055
7,9036
7,9017
7,8998
7,8979
7,896
7,8941
7,8922
7,8903
7,8884
7,8865
7,8846
7,8827
7,8808
7,879
7,8771
7,8752
7,8733
7,8715
7,8696
7,8677
7,8659
7,864
7,8621
7,8603
7,8584
7,8565
7,8547
7,8528
7,851
7,8491
7,8473
7,8454
7,8436
7,8417
7,8399
7,8381
7,8362
7,8344
7,8326
7,8307
7,8289
7,8271
7,8252
7,8234
7,8216
7,8198
7,8179
7,8161
7,8143
7,8125
7,8107
7,8089
7,8071
7,8053
7,8035
7,8016
7,7998
7,798
7,7962
7,7945
7,7927
7,7909
7,7891
7,7873
7,7855
7,7837
7,7819
7,7801
7,7784
7,7766
7,7748
7,773
7,7713
7,7695
7,7677
7,766
7,7642
7,7624
7,7607
7,7589
7,7571
7,7554
7,7536
7,7519
7,7501
7,7484
7,7466
7,7449
7,7431
7,7414
7,7396
7,7379
7,7362
7,7344
7,7327
7,731
7,7292
7,7275
7,7258
7,7241
7,7223
7,7206
7,7189
7,7172
7,7155
7,7137
7,712
7,7103
7,7086
7,7069
7,7052
7,7035
7,7018
7,7001
7,6984
7,6967
7,695
7,6933
7,6916
7,6899
7,6882
7,6865
7,6848
7,6832
7,6815
7,6798
7,6781
7,6764
7,6748
7,6731
7,6714
7,6697
7,6681
7,6664
7,6647
7,6631
7,6614
7,6597
7,6581
7,6564
7,6548
7,6531
7,6515
7,6498
7,6482
7,6465
7,6449
7,6432
7,6416
7,6399
7,6383
7,6367
7,635
7,6334
7,6317
7,6301
7,6285
7,6269
7,6252
7,6236
7,622
7,6204
7,6187
7,6171
7,6155
7,6139
7,6123
7,6107
7,6091
7,6074
7,6058
7,6042
7,6026
7,601
7,5994
7,5978
7,5962
7,5946
7,593
7,5914
7,5898
7,5883
7,5867
7,5851
7,5835
7,5819
7,5803
7,5788
7,5772
7,5756
7,574
7,5724
7,5709
7,5693
7,5677
7,5662
7,5646
7,5631
7,5615
7,56
7,5585
7,5569
7,5554
7,5539
7,5523
7,5508
7,5493
7,5478
7,5463
7,5448
7,5433
7,5418
7,5403
7,5389
7,5374
7,5359
7,5344
7,533
7,5315
7,53
7,5286
7,5271
7,5257
7,5243
7,5228
7,5214
7,52
7,5185
7,5171
7,5157
7,5143
7,5129
7,5115
7,5101
7,5087
7,5073
7,5059
7,5046
7,5032
7,5018
7,5004
7,4991
7,4977
7,4964
7,495
7,4937
7,4923
7,491
7,4896
7,4883
7,487
7,4857
7,4843
7,483
7,4817
7,4804
7,4791
7,4778
7,4765
7,4752
7,4739
7,4726
7,4714
7,4701
7,4688
7,4676
7,4663
7,465
7,4638
7,4625
7,4613
7,46
7,4588
7,4576
7,4563
7,4551
7,4539
7,4527
7,4515
7,4503
7,4491
7,4478
7,4467
7,4455
7,4443
7,4431
7,4419
7,4407
7,4395
7,4384
7,4372
7,436
7,4349
7,4337
7,4326
7,4314
7,4303
7,4292
7,428
7,4269
7,4258
7,4246
7,4235
7,4224
7,4213
7,4202
7,4191
7,418
7,4169
7,4158
7,4147
7,4136
7,4125
7,4115
7,4104
7,4093
7,4083
7,4072
7,4061
7,4051
7,404
7,403
7,402
7,4009
7,3999
7,3989
7,3978
7,3968
7,3958
7,3948
7,3938
7,3928
7,3917
7,3907
7,3897
7,3888
7,3878
7,3868
7,3858
7,3848
7,3839
7,3829
7,3819
7,381
7,38
7,379
7,3781
7,3771
7,3762
7,3753
7,3743
7,3734
7,3725
7,3715
7,3706
7,3697
7,3688
7,3679
7,367
7,3661
7,3652
7,3643
7,3634
7,3625
7,3616
7,3607
7,3598
7,359
7,3581
7,3572
7,3564
7,3555
7,3547
7,3538
7,353
7,3521
7,3513
7,3504
7,3496
7,3488
7,3479
7,3471
7,3463
7,3455
7,3447
7,3439
7,3431
7,3423
7,3415
7,3407
7,3399
7,3391
7,3383
7,3375
7,3367
7,336
7,3352
7,3344
7,3337
7,3329
7,3322
7,3314
7,3307
7,3299
7,3292
7,3284
7,3277
7,327
7,3262
7,3255
7,3248
7,3241
7,3234
7,3227
7,322
7,3213
7,3206
7,3199
7,3192
7,3185
7,3178
7,3171
7,3164
7,3158
7,3151
7,3144
7,3138
7,3131
7,3124
7,3118
7,3111
7,3105
7,3255
7,3405
7,3555
7,3705
7,3855
7,4005
7,4155
7,4305
7,4455
7,4605
7,4755
7,4905
7,5055
7,5205
7,5355
7,5505
7,5655
7,5805
7,5955
7,6105
7,6255
7,6405
7,6555
7,6705
7,6855
7,7005
7,7155
7,7305
7,7455
7,7605
7,7755
7,7905
7,8055
7,8205
7,8355
7,8505
7,8655
7,8805
7,8955
7,9105
7,9255
7,9405
7,9555
7,9705
7,9855
8,0005
8,0155
8,0305
8,0455
8,0605
8,0755
8,0905
8,1055
8,1205
8,1355
8,1505
8,1655
8,1805
8,1955
8,2105
8,2255
8,2405
8,2555
8,2705
8,2855
8,3005
8,3155
8,3305
8,3455
8,3605
8,3755
8,3905
8,4055
8,4205
8,4355
8,4505
8,4655
8,4805
8,4955
8,5105
8,5255
8,5405
8,5555
8,5705
8,5855
8,6005
8,6155
8,6305
8,6455
8,6605
8,6755
8,6905
8,7055
8,7205
8,7355
8,7505
8,7655
8,7805
8,7955
8,8105
8,8255
8,8405
8,8555
8,8705
8,8855
8,9005
8,9155
8,9305
8,9455
8,9605
8,9755
8,9905
9,0055
9,0205
9,0355
9,0505
9,0655
9,0805
9,0955
9,1105
9,1255
9,1405
9,1555
9,1705
9,1855
9,2005
9,2155
9,2305
9,2455
9,2605
9,2755
9,2905
9,3055
9,3205
9,3355
9,3505
9,3655
9,3805
9,3955
9,4105
9,4255
9,4405
9,4555
9,4705
9,4855
9,5005
9,5155
9,5305
9,5455
9,5605
9,5755
9,5905
9,6055
9,6205
9,6355
9,6505
9,6655
9,6805
9,6955
9,7105
9,7255
9,7405
9,7555
9,7705
9,7855
9,8005
9,8155
9,8305
9,8455
9,8605
9,8755
9,8905
9,9055
9,9205
9,9355
9,9505
9,9655
9,9805
9,9955
10,0105
10,0255
10,0405
10,0555
10,0705
10,0855
10,1005
10,1155
10,1305
10,1455
10,1605
10,1755
10,1905
10,2055
10,2205
10,2355
10,2505
10,2655
10,2805
10,2955
10,3105
10,3255
10,3405
10,3555
10,3705
10,3855
10,4005
10,4155
10,4305
10,4455
10,4605
10,4755
10,4905
10,5055
10,5205
10,5355
10,5505
10,5655
10,5805
10,5955
10,6105
10,6255
10,6405
10,6555
10,6705
10,6855
10,7005
10,7155
10,7305
10,7455
10,7605
10,7755
10,7905
10,8055
10,8205
10,8355
10,8505
10,8655
10,8805
10,8955
10,9105
10,9255
10,9405
10,9555
10,9705
10,9855
11,0005
11,0155
11,0305
11,0455
11,0605
11,0755
11,0905
11,1055
11,1205
11,1355
11,1505
11,1655
11,1805
11,1955
11,2105
11,2255
11,2405
11,2555
11,2705
11,2855
11,3005
11,3155
11,3305
11,3455
11,3605
11,3755
11,3905
11,4055
11,4205
11,4355
11,4505
11,4655
11,4805
11,4955
11,5105
11,5255
11,5405
11,5555
11,5705
11,5855
11,6005
11,6155
11,6305
11,6455
11,6605
11,6755
11,6905
11,7055
11,7205
11,7355
11,7505
11,7655
11,7805
11,7955
11,8105
11,8255
11,8405
11,8555
11,8705
11,8855
11,9005
11,9155
11,9305
11,9455
11,9605
11,9755
11,9905
12,0055
12,0205
12,0355
12,0505
12,0655
12,0805
12,0955
12,1105
12,1255
12,1405
12,1555
12,1705
12,1855
12,2005
12,2155
12,2305
12,2455
12,2605
12,2755
12,2905
12,3055
12,3205
12,3355
12,3505
12,3655
12,3805
12,3955
12,4105
12,4255
12,4405
12,4555
12,4705
12,4855
12,5005
12,5155
12,5305
12,5455
12,5605
12,5755
12,5905
12,6055
12,6205
12,6355
12,6505
12,6655
12,6805
12,6955
12,7105
12,7255
12,7405
12,7555
12,7705
12,7855
12,8005
12,8155
12,8305
12,8455
12,8605
12,8755
12,8905
12,9055
12,9205
12,9355
12,9505
12,9655
12,9805
12,9955
13,0105
13,0255
13,0405
13,0555
13,0705
13,0855
13,1005
13,1155
13,1305
13,1455
13,1605
13,1755
13,1905
13,2055
13,2205
13,2355
13,2505
13,2655
13,2805
13,2955
13,3105
13,3255
13,3405
13,3555
13,3705
13,3855
13,4005
13,4155
13,4305
13,4455
13,4605
13,4755
13,4905
13,5055
13,5205
13,5355
13,5505
13,5655
13,5805
13,5955
13,6105
13,6255
13,6405
13,6555
13,6705
13,6855
13,7005
13,7155
13,7305
13,7455
13,7605
13,7755
13,7905
13,8055
13,8205
13,8355
13,8505
13,8655
13,8805
13,8955
13,9105
13,9255
13,9405
13,9555
13,9705
13,9855
14,0005
14,0155
14,0305
14,0455
14,0605
14,0755
14,0905
14,1055
14,1205
14,1355
14,1505
14,1655
14,1805
14,1955
14,2105
14,2255
14,2405
14,2555
14,2705
14,2855
14,3005
14,3155
14,3305
14,3455
14,3605
14,3755
14,3905
14,4055
14,4205
14,4355
14,4505
14,4655
14,4805
14,4955
14,5105
14,5255
14,5405
14,5555
14,5705
14,5855
14,6005
14,6155
14,6305
14,6455
14,6605
14,6755
14,6905
14,7055
14,7205
14,7355
14,7505
14,7655
14,7805
14,7955
14,8105
14,8255
14,8405
14,8555
14,8705
14,8855
14,9005
14,9155
14,9305
14,9455
14,9605
14,9755
14,9905
15,0055
15,0205
15,0355
15,0505
15,0655
15,0805
15,0955
15,1105
15,1255
15,1405
15,1555
15,1705
15,1855
15,2005
15,2155
15,2305
15,2455
15,2605
15,2755
15,2905
15,3055
15,3205
15,3355
15,3505
15,3655
15,3805
15,3955
15,4105
15,4255
15,4405
15,4555
15,4705
15,4855
15,5005
15,5155
15,5305
15,5455
15,5605
15,5755
15,5905
15,6055
15,6205
15,6355
15,6505
15,6655
15,6805
15,6955
15,7105
15,7255
15,7405
15,7555
15,7705
15,7855
15,8005
15,8155
15,8305
15,8455
15,8605
15,8755
15,8905
15,9055
15,9205
15,9355
15,9505
15,9655
15,9805
15,9955
16,0105
16,0255
16,0405
16,0555
16,0705
16,0855
16,1005
16,1155
16,1305
16,1455
16,1605
16,1755
16,1905
16,2055
16,2205
16,2355
16,2505
16,2655
16,2805
16,2955
16,3105
16,3255
16,3405
16,3555
16,3705
16,3855
16,4005
16,4155
16,4305
16,4455
16,4605
16,4755
16,4905
16,5055
16,5205
16,5355
16,5505
16,5655
16,5805
16,5955
16,6105
16,6255
16,6405
16,6555
16,6705
16,6855
16,7005
16,7155
16,7305
16,7455
16,7605
16,7755
16,7905
16,8055
16,8205
16,8355
16,8505
16,8655
16,8805
16,8955
16,9105
16,9255
16,9405
16,9555
16,9705
16,9855
17,0005
17,0155
17,0305
17,0455
17,0605
17,0755
17,0905
17,1055
17,1205
17,1355
17,1505
17,1655
17,1805
17,1955
17,2105
17,2255
17,2405
17,2555
17,2705
17,2855
17,3005
17,3155
17,3305
17,3455
17,3605
17,3755
17,3905
17,4055
17,4205
17,4355
17,4505
17,4655
17,4805
17,4955
17,5105
17,5255
17,5405
17,5555
17,5705
17,5855
17,6005
17,6155
17,6305
17,6455
17,6605
17,6755
17,6905
17,7055
17,7205
17,7355
17,7505
17,7655
17,7805
17,7955
17,8105
17,8255
17,8405
17,8555
17,8705
17,8855
17,9005
17,9155
17,9305
17,9455
17,9605
17,9755
17,9905
18,0055
18,0205
18,0355
18,0505
18,0655
18,0805
18,0955
18,1105
18,1255
18,1405
18,1555
18,1705
18,1855
18,2005
18,2155
18,2305
18,2455
18,2605
18,2755
18,2905
18,3055
18,3205
18,3355
18,3505
18,3655
18,3805
18,3955
18,4105
18,4255
18,4405
18,4555
18,4705
18,4855
18,5005
18,5155
18,5305
18,5455
18,5605
18,5755
18,5905
18,6055
18,6205
18,6355
18,6505
18,6655
18,6805
18,6955
18,7105
18,7255
18,7405
18,7555
18,7705
18,7855
18,8005
18,8155
18,8305
18,8455
18,8605
18,8755
18,8905
18,9055
18,9205
18,9355
18,9505
18,9655
18,9805
18,9955
19,0105
19,0255
19,0405
19,0555
19,0705
19,0855
19,1005
19,1155
19,1305
19,1455
19,1605
19,1755
19,1905
19,2055
19,2205
19,2355
19,2505
19,2655
19,2805
19,2955
19,3105
19,3255
19,3405
19,3555
19,3705
19,3855
19,4005
19,4155
19,4305
19,4455
19,4605
19,4755
19,4905
19,5055
19,5205
19,5355
19,5505
19,5655
19,5805
19,5955
19,6105
19,6255
19,6405
19,6555
19,6705
19,6855
19,7005
19,7155
19,7305
19,7455
19,7605
19,7755
19,7905
19,8055
19,8205
19,8355
19,8505
19,8655
19,8805
19,8955
19,9105
19,9255
19,9405
19,9555
19,9705
19,9855
20,0005
20,0155
20,0305
20,0455
20,0605
20,0755
20,0905
20,1055
20,1205
20,1355
20,1505
20,1655
20,1805
20,1955
20,2105
20,2255
20,2405
20,2555
20,2705
20,2855
20,3005
20,3155
20,3305
20,3455
20,3605
20,3755
20,3905
20,4055
20,4205
20,4355
20,4505
20,4655
20,4805
20,4955
20,5105
20,5255
20,5405
20,5555
20,5705
20,5855
20,6005
20,6155
20,6305
20,6455
20,6605
20,6755
20,6905
20,7055
20,7205
20,7355
20,7505
20,7655
20,7805
20,7955
20,8105
20,8255
20,8405
20,8555
20,8705
20,8855
20,9005
20,9155
20,9305
20,9455
20,9605
20,9755
20,9905
21,0055
21,0205
21,0355
21,0505
21,0655
21,0805
21,0955
21,1105
21,1255
21,1405
21,1555
21,1705
21,1855
21,2005
21,2155
21,2305
21,2455
21,2605
21,2755
21,2905
21,3055
21,3205
21,3355
21,3505
21,3655
21,3805
21,3955
21,4105
21,4255
21,4405
21,4555
21,4705
21,4855
21,5005
21,5155
21,5305
21,5455
21,5605
21,5755
21,5905
21,6055
21,6205
21,6355
21,6505
21,6655
21,6805
21,6955
21,7105
21,7255
21,7405
21,7555
21,7705
21,7855
21,8005
21,8005
21,8005
21,8005
21,8005
21,8005
21,8005
21,8005
21,8005
21,8005
21,8005
21,8005
21,8005
21,8005
21,8005
21,8005
21,8005
21,8005
21,8005
21,8005
21,8005
21,8005
21,8005
21,8005
21,8005
21,8005
21,8005
21,8005
21,8005
21,8005
21,8005
21,8005
21,8005
21,8005
21,8005
21,8005
21,8005
21,8005
21,8005
21,8005
21,8005
21,8005
21,8005
21,8005
21,8005
21,8005
21,8005
21,8005
21,8005
21,8005
21,8005
21,8005
21,8005
21,8005
21,8005
21,8005
21,8005
21,8005
21,8005
21,8005
21,8005
21,8005
21,8005
21,8005
21,8005
21,8005
21,8005
21,8005
21,8005
21,8005
21,8005
21,8005
21,8005
21,8005
21,8005
21,8005
21,8005
21,8005
21,8005
21,8005
21,8005
21,8005
21,8005
21,8005
21,8005
21,8005
21,8005
21,8005
21,8005
21,8005
21,8005
21,8005
21,8005
21,8005
21,8005
21,8005
21,8005
21,8005
21,8005
21,8005
21,8005
21,8005
21,8005
21,8005
21,8005
21,8005
21,8005
21,8005
21,8005
21,8005
21,8005
21,8005
21,8005
21,8005
21,8005
21,8005
21,8005
21,8005
21,8005
21,8005
21,8005
21,8005
21,8005
21,8005
21,8005
21,8005
21,8005
21,8005
21,8005
21,8005
21,8005
21,8005
21,8005
21,8005
21,8005
21,8005
21,8005
21,8005
21,8005
21,8005
21,8005
21,8005
21,8005
21,8005
21,8005
21,8005
21,8005
21,8005
21,8005
21,8005
21,8005
21,8005
21,8005
21,8005
21,8005
21,8005
21,8005
21,8005
21,8005
21,8005
21,8005
21,8005
21,8005
21,8005
21,8005
21,8005
21,8005
21,8005
21,8005
21,8005
21,8005
21,8005
21,8005
21,8005
21,8005
21,8005
21,8005
21,8005
21,8005
21,8005
21,8005
21,8005
21,8005
21,8005
21,8005
21,8005
21,8005
21,8005
21,8005
21,8005
21,8005
21,8005
21,8005
21,8005
21,8005
21,8005
21,8005
21,8005
21,8005
21,8005
21,8005
21,8005
21,8005
21,8005
21,8005
21,8005
21,8005
21,8005
21,8005
21,8005
21,8005
21,8005
21,8005
21,8005
21,8005
21,8005
21,8005
21,8005
21,8005
21,8005
21,8005
21,8005
21,8005
21,8005
21,8005
21,8005
21,8005
21,8005
21,8005
21,8005
21,8005
21,8005
21,8005
21,8005
21,8005
21,8005
21,8005
21,8005
21,8005
21,8005
21,8005
21,8005
21,8005
21,8005
21,8005
21,8005
21,8005
21,8005
21,8005
21,8005
21,8005
21,8005
21,8005
21,8005
21,8005
21,8005
21,8005
21,8005
21,8005
21,8005
21,8005
21,8005
21,8005
21,8005
21,8005
21,8005
21,8005
21,8005
21,8005
21,8005
21,8005
21,8005
21,8005
21,8005
21,8005
21,8005
21,8005
21,8005
21,8005
21,8005
21,8005
21,8005
21,8005
21,8005
21,8005
21,8005
21,8005
21,8005
21,8005
21,8005
21,8005
21,8005
21,8005
21,8005
21,8005
21,8005
21,8005
21,8005
21,8005
21,8005
21,8005
21,8005
21,8005
21,8005
21,8005
21,8005
21,8005
21,8005
21,8005
21,8005
21,8005
21,8005
21,8005
21,8005
21,8005
21,8005
21,8005
21,8005
21,8005
21,8005
21,8005
21,8005
21,8005
21,8005
21,8005
21,8005
21,8005
21,8005
21,8005
21,8005
21,8005
21,8005
21,8005
21,8005
21,8005
21,8005
21,8005
21,8005
21,8005
21,8005
21,8005
21,8005
21,8005
21,8005
21,8005
21,8005
21,8005
21,8005
21,8005
21,8005
21,8005
21,8005
21,8005
21,8005
21,8005
21,8005
21,8005
21,8005
21,8005
21,8005
21,8005
21,8005
21,8005
21,8005
21,8005
21,8005
21,8005
21,8005
21,8005
21,8005
21,8005
21,8005
21,8005
21,8005
21,8005
21,8005
21,8005
21,8005
21,8005
21,8005
21,8005
21,8005
21,8005
21,8005
21,8005
21,8005
21,8005
21,8005
21,8005
21,8005
21,8005
21,8005
21,8005
21,8005
21,8005
21,8005
21,8005
21,8005
21,8005
21,8005
21,8005
21,8005
21,8005
21,8005
21,8005
21,8005
21,8005
21,8005
21,8005
21,8005
21,8005
21,8005
21,8005
21,8005
21,8005
21,8005
21,8005
21,8005
21,8005
21,8005
21,8005
21,8005
21,8005
21,8005
21,8005
21,8005
21,8005
21,8005
21,8005
21,8005
21,8005
21,8005
21,8005
21,8005
21,8005
21,8005
21,8005
21,8005
21,8005
21,8005
21,8005
21,8005
21,8005
21,8005
21,8005
21,8005
21,8005
21,8005
21,8005
21,8005
21,8005
21,8005
21,8005
21,8005
21,8005
21,8005
21,8005
21,8005
21,8005
21,8005
21,8005
21,8005
21,8005
21,8005
21,8005
21,8005
21,8005
21,8005
21,8005
21,8005
21,8005
21,8005
21,8005
21,8005
21,8005
21,8005
21,8005
21,8005
21,8005
21,8005
21,8005
21,8005
21,8005
21,8005
21,8005
21,8005
21,8005
21,8005
21,8005
21,8005
21,8005
21,8005
21,8005
21,8005
21,8005
21,8005
21,8005
21,8005
21,8005
21,8005
21,8005
21,8005
21,8005
21,8005
21,8005
21,8005
21,8005
21,8005
21,8005
21,8005
21,8005
21,8005
21,8005
21,8005
21,8005
21,8005
21,8005
21,8005
21,8005
21,8005
21,8005
21,8005
21,8005
21,8005
21,8005
21,8005
21,8005
21,8005
21,8005
21,8005
21,8005
21,8005
21,8005
21,8005
21,8005
21,8005
21,8005
21,8005
21,8005
21,8005
21,8005
21,8005
21,8005
21,8005
21,8005
21,8005
21,8005
21,8005
21,8005
21,8005
21,8005
21,8005
21,8005
21,8005
21,8005
21,8005
21,8005
21,8005
21,8005
21,8005
21,8005
21,8005
21,8005
21,8005
21,8005
21,8005
21,8005
21,8005
21,8005
21,8005
21,8005
21,8005
21,8005
21,8005
21,8005
21,8005
21,8005
21,8005
21,8005
21,8005
21,8005
21,8005
21,8005
21,8005
21,8005
21,8005
21,8005
21,8005
21,8005
21,8005
21,8005
21,8005
21,8005
21,8005
21,8005
21,8005
21,8005
21,8005
21,8005
21,8005
21,8005
21,8005
21,8005
21,8005
21,8005
21,8005
21,8005
21,8005
21,8005
21,8005
21,8005
21,8005
21,8005
21,8005
21,8005
21,8005
21,8005
21,8005
21,8005
21,8005
21,8005
21,8005
21,8005
21,8005
21,8005
21,8005
21,8005
21,8005
21,8005
21,8005
21,8005
21,8005
21,8005
21,8005
21,8005
21,8005
21,8005
21,8005
21,8005
21,8005
21,8005
21,8005
21,8005
21,8005
21,8005
21,8005
21,8005
21,8005
21,8005
21,8005
21,8005
21,8005
21,8005
21,8005
21,8005
21,8005
21,8005
21,8005
21,8005
21,8005
21,8005
21,8005
21,8005
21,8005
21,8005
21,8005
21,8005
21,8005
21,8005
21,8005
21,8005
21,8005
21,8005
21,8005
21,8005
21,8005
21,8005
21,8005
21,8005
21,8005
21,8005
21,8005
21,8005
21,8005
21,8005
21,8005
21,8005
21,8005
21,8005
21,8005
21,8005
21,8005
21,8005
21,8005
21,8005
21,8005
21,8005
21,8005
21,8005
21,8005
21,8005
21,8005
21,8005
21,8005
21,8005
21,8005
21,8005
21,8005
21,8005
21,8005
21,8005
21,8005
21,8005
21,8005
21,8005
21,8005
21,8005
21,8005
21,8005
21,8005
21,8005
21,8005
21,8005
21,8005
21,8005
21,8005
21,8005
21,8005
21,8005
21,8005
21,8005
21,8005
21,8005
21,8005
21,8005
21,8005
21,8005
21,8005
21,8005
21,8005
21,8005
21,8005
21,8005
21,8005
21,8005
21,8005
21,8005
21,8005
21,8005
21,8005
21,8005
21,8005
21,8005
21,8005
21,8005
21,8005
21,8005
21,8005
21,8005
21,8005
21,8005
21,8005
21,8005
21,8005
21,8005
21,8005
21,8005
21,8005
21,8005
21,8005
21,8005
21,8005
21,8005
21,8005
21,8005
21,8005
21,8005
21,8005
21,8005
21,8005
21,8005
21,8005
21,8005
21,8005
21,8005
21,8005
21,8005
21,8005
21,8005
21,8005
21,8005
21,8005
21,8005
21,8005
21,8005
21,8005
21,8005
21,8005
21,8005
21,8005
21,8005
21,8005
21,8005
21,8005
21,8005
21,8005
21,8005
21,8005
21,8005
21,8005
21,8005
21,8005
21,8005
21,8005
21,8005
21,8005
21,8005
21,8005
21,8005
21,8005
21,8005
21,8005
21,8005
21,8005
21,8005
21,8005
21,8005
21,8005
21,8005
21,8005
21,8005
21,8005
21,8005
21,8005
21,8005
21,8005
21,8005
21,8005
21,8005
21,8005
21,8005
21,8005
21,8005
21,8005
21,8005
21,8005
21,8005
21,8005
21,8005
21,8005
21,8005
21,8005
21,8005
21,8005
21,8005
21,8005
21,8005
21,8005
21,8005
21,8005
21,8005
21,8005
21,8005
21,8005
21,8005
21,8005
21,8005
21,8005
21,8005
21,8005
21,8005
21,8005
21,8005
21,8005
21,8005
21,8005
21,8005
21,8005
21,8005
21,8005
21,8005
21,8005
21,8005
21,8005
21,8005
21,8005
21,8005
21,8005
21,8005
21,8005
21,8005
21,8005
21,8005
21,8005
21,8005
21,8005
21,8005
21,8005
21,8005
21,8005
21,8005
21,8005
21,8005
21,8005
21,8005
21,8005
21,8005
21,8005
21,8005
21,8005
21,8005
21,8005
21,8005
21,8005
21,8005
21,8005
21,8005
21,8005
21,8005
21,8005
21,8005
21,8005
21,8005
21,8005
21,8005
21,8005
21,8005
21,8005
21,8005
21,8005
21,8005
21,8005
21,8005
21,8005
21,8005
21,8005
21,8005
21,8005
21,8005
21,8005
21,8005
21,8005
21,8005
21,8005
21,8005
21,8005
21,8005
21,8005
21,8005
21,8005
21,8005
21,8005
21,8005
21,8005
21,8005
21,8005
21,8005
21,8005
21,8005
21,8005
21,8005
21,8005
21,8005
21,8005
21,8005
21,8005
21,8005
21,8005
21,8005
21,8005
21,8005
21,8005
21,8005
21,8005
21,8005
21,8005
21,8005
21,8005
21,8005
21,8005
21,8005
21,8005
21,8005
21,8005
21,8005
21,8005
21,8005
21,8005
21,8005
21,8005
21,8005
21,8005
21,8005
21,8005
21,8005
21,8005
21,8005
21,8005
21,8005
21,8005
21,8005
21,8005
21,8005
21,8005
21,8005
21,8005
21,8005
21,8005
21,8005
21,8005
21,8005
21,8005
21,8005
21,8005
21,8005
21,8005
21,8005
21,8005
21,8005
21,8005
21,8005
21,8005
21,8005
21,8005
21,8005
21,8005
21,8005
21,8005
21,8005
21,8005
21,8005
21,8005
21,8005
21,8005
21,8005
21,8005
21,8005
21,8005
21,8005
21,8005
21,8005
21,8005
21,8005
21,8005
21,8005
21,8005
21,8005
21,8005
21,8005
21,8005
21,8005
21,8005
21,8005
21,8005
21,8005
21,8005
21,8005
21,8005
21,8005
21,8005
21,8005
21,8005
21,8005
21,8005
21,8005
21,8005
21,8005
21,8005
21,8005
21,8005
21,8005
21,8005
21,8005
21,8005
21,8005
21,8005
21,8005
21,8005
21,8005
21,8005
21,8005
21,8005
21,8005
21,8005
21,8005
21,8005
21,8005
21,8005
21,8005
21,8005
21,8005
21,8005
21,8005
21,8005
21,8005
21,8005
21,8005
21,8005
21,8005
21,8005
21,8005
21,8005
21,8005
21,8005
21,8005
21,8005
21,8005
21,8005
21,8005
21,8005
21,8005
21,8005
21,8005
21,8005
21,8005
21,8005
21,8005
21,8005
21,8005
21,8005
21,8005
21,8005
21,8005
21,8005
21,8005
21,8005
21,8005
21,8005
21,8005
21,8005
21,8005
21,8005
21,8005
21,8005
21,8005
21,8005
21,8005
21,8005
21,8005
21,8005
21,8005
21,8005
21,8005
21,8005
21,8005
21,8005
21,8005
21,8005
21,8005
21,8005
21,8005
21,8005
21,8005
21,8005
21,8005
21,8005
21,8005
21,8005
21,8005
21,8005
21,8005
21,8005
21,8005
21,8005
21,8005
21,8005
21,8005
21,8005
21,8005
21,8005
21,8005
21,8005
21,8005
21,8005
21,8005
21,8005
21,8005
21,8005
21,8005
21,8005
21,8005
21,8005
21,8005
21,8005
21,8005
21,8005
21,8005
21,8005
21,8005
21,8005
21,8005
21,8005
21,8005
21,8005
21,8005
21,8005
21,8005
21,8005
21,8005
21,8005
21,8005
21,8005
21,8005
21,8005
21,8005
21,8005
21,8005
21,8005
21,8005
21,8005
21,8005
21,8005
21,8005
21,8005
21,8005
21,8005
21,8005
21,8005
21,8005
21,8005
21,8005
21,8005
21,8005
21,8005
21,8005
21,8005
21,8005
21,8005
21,8005
21,8005
21,8005
21,8005
21,8005
21,8005
21,8005
21,8005
21,8005
21,8005
21,8005
21,8005
21,8005
21,8005
21,8005
21,8005
21,8005
21,8005
21,8005
21,8005
21,8005
21,8005
21,8005
21,8005
21,8005
21,8005
21,8005
21,8005
21,8005
21,8005
21,8005
21,8005
21,8005
21,8005
21,8005
21,8005
21,8005
21,8005
21,8005
21,8005
21,8005
21,8005
21,8005
21,8005
21,8005
21,8005
21,8005
21,8005
21,8005
21,8005
21,8005
21,8005
21,8005
21,8005
21,8005
21,8005
21,8005
21,8005
21,8005
21,8005
21,8005
21,8005
21,8005
21,8005
21,8005
21,8005
21,8005
21,8005
21,8005
21,8005
21,8005
21,8005
21,8005
21,8005
21,8005
21,8005
21,8005
21,8005
21,8005
21,8005
21,8005
21,8005
21,8005
21,8005
21,8005
21,8005
21,8005
21,8005
21,8005
21,8005
21,8005
21,8005
21,8005
21,8005
21,8005
21,8005
21,8005
21,8005
21,8005
21,8005
21,8005
21,8005
21,8005
21,8005
21,8005
21,8005
21,8005
21,8005
21,8005
21,8005
21,8005
21,8005
21,8005
21,8005
21,8005
21,8005
21,8005
21,8005
21,8005
21,8005
21,8005
21,8005
21,8005
21,8005
21,8005
21,8005
21,8005
21,8005
21,8005
21,8005
21,8005
21,8005
21,8005
21,8005
21,8005
21,8005
21,8005
21,8005
21,8005
21,8005
21,8005
21,8005
21,8005
21,8005
21,8005
21,8005
21,8005
21,8005
21,8005
21,8005
21,8005
21,8005
21,8005
21,8005
21,8005
21,8005
21,8005
21,8005
21,8005
21,8005
21,8005
21,8005
21,8005
21,8005
21,8005
21,8005
21,8005
21,8005
21,8005
21,8005
21,8005
21,8005
21,8005
21,8005
21,8005
21,8005
21,8005
21,8005
21,8005
21,8005
21,8005
21,8005
21,8005
21,8005
21,8005
21,8005
21,8005
21,8005
21,8005
21,8005
21,8005
21,8005
21,8005
21,8005
21,8005
21,8005
21,8005
21,8005
21,8005
21,8005
21,8005
21,8005
21,8005
21,8005
21,8005
21,8005
21,8005
21,8005
21,8005
21,8005
21,8005
21,8005
21,8005
21,8005
21,8005
21,8005
21,8005
21,8005
21,8005
21,8005
21,8005
21,8005
21,8005
21,8005
21,8005
21,8005
21,8005
21,8005
21,8005
21,8005
21,8005
21,8005
21,8005
21,8005
21,8005
21,8005
21,8005
21,8005
21,8005
21,8005
21,8005
21,8005
21,8005
21,8005
21,8005
21,8005
21,8005
21,8005
21,8005
21,8005
21,8005
21,8005
21,8005
21,8005
21,8005
21,8005
21,8005
21,8005
21,8005
21,8005
21,8005
21,8005
21,8005
21,8005
21,8005
21,8005
21,8005
21,8005
21,8005
21,8005
21,8005
21,8005
21,8005
21,8005
21,8005
21,8005
21,8005
21,8005
21,8005
21,8005
21,8005
21,8005
21,8005
21,8005
21,8005
21,8005
21,8005
21,8005
21,8005
21,8005
21,8005
21,8005
21,8005
21,8005
21,8005
21,8005
21,8005
21,8005
21,8005
21,8005
21,8005
21,8005
21,8005
21,8005
21,8005
21,8005
21,8005
21,8005
21,8005
21,8005
21,8005
21,8005
21,8005
21,8005
21,8005
21,8005
21,8005
21,8005
21,8005
21,8005
21,8005
21,8005
21,8005
21,8005
21,8005
21,8005
21,8005
21,8005
21,8005
21,8005
21,8005
21,8005
21,8005
21,8005
21,8005
21,8005
21,8005
21,8005
21,8005
21,8005
21,8005
21,8005
21,8005
21,8005
21,8005
21,8005
21,8005
21,8005
21,8005
21,8005
21,8005
21,8005
21,8005
21,8005
21,8005
21,8005
21,8005
21,8005
21,8005
21,8005
21,8005
21,8005
21,8005
21,8005
21,8005
21,8005
21,8005
21,8005
21,8005
21,8005
21,8005
21,8005
21,8005
21,8005
21,8005
21,8005
21,8005
21,8005
21,8005
21,8005
21,8005
21,8005
21,8005
21,8005
21,8005
21,8005
21,8005
21,8005
21,8005
21,8005
21,8005
21,8005
21,8005
21,8005
21,8005
21,8005
21,8005
21,8005
21,8005
21,8005
21,8005
21,8005
21,8005
21,8005
21,8005
21,8005
21,8005
21,8005
21,8005
21,8005
21,8005
21,8005
21,8005
21,8005
21,8005
21,8005
21,8005
21,8005
21,8005
21,8005
21,8005
21,8005
21,8005
21,8005
21,8005
21,8005
21,8005
21,8005
21,8005
21,8005
21,8005
21,8005
21,8005
21,8005
21,8005
21,8005
21,8005
21,8005
21,8005
21,8005
21,8005
21,8005
21,8005
21,8005
21,8005
21,8005
21,8005
21,8005
21,8005
21,8005
21,8005
21,8005
21,8005
21,8005
21,8005
21,8005
21,8005
21,8005
21,8005
21,8005
21,8005
21,8005
21,8005
21,8005
21,8005
21,8005
21,8005
21,8005
21,8005
21,8005
21,8005
21,8005
21,8005
21,8005
21,8005
21,8005
21,8005
21,8005
21,8005
21,8005
21,8005
21,8005
21,8005
21,8005
21,8005
21,8005
21,8005
21,8005
21,8005
21,8005
21,8005
21,8005
21,8005
21,8005
21,8005
21,8005
21,8005
21,8005
21,8005
21,8005
21,8005
21,8005
21,8005
21,8005
21,8005
21,8005
21,8005
21,8005
21,7947
21,7889
21,7831
21,7773
21,7715
21,7658
21,76
21,7542
21,7485
21,7427
21,737
21,7313
21,7255
21,7198
21,7141
21,7084
21,7027
21,697
21,6913
21,6856
21,6799
21,6742
21,6685
21,6629
21,6572
21,6515
21,6459
21,6402
21,6346
21,629
21,6233
21,6177
21,6121
21,6065
21,6009
21,5953
21,5897
21,5841
21,5785
21,5729
21,5674
21,5618
21,5562
21,5507
21,5451
21,5396
21,534
21,5285
21,523
21,5175
21,5119
21,5064
21,5009
21,4954
21,4899
21,4844
21,4789
21,4735
21,468
21,4625
21,4571
21,4516
21,4462
21,4407
21,4353
21,4298
21,4244
21,419
21,4136
21,4081
21,4027
21,3973
21,3919
21,3865
21,3812
21,3758
21,3704
21,365
21,3597
21,3543
21,349
21,3436
21,3383
21,3329
21,3276
21,3223
21,3169
21,3116
21,3063
21,3213
21,3363
21,3513
21,3663
21,3813
21,3963
21,4113
21,4263
21,4413
21,4563
21,4713
21,4863
21,5013
21,5163
21,5313
21,5463
21,5613
21,5763
21,5913
21,6063
21,6213
21,6363
21,6513
21,6663
21,6813
21,6963
21,7113
21,7263
21,7413
21,7563
21,7563
21,7506
21,7448
21,7391
21,7333
21,7276
21,7219
21,7161
21,7104
21,7047
21,699
21,6933
21,6876
21,6819
21,6762
21,6706
21,6649
21,6592
21,6536
21,6479
21,6423
21,6366
21,631
21,6254
21,6197
21,6141
21,6085
21,6029
21,5973
21,5917
21,5861
21,5805
21,5749
21,5694
21,5638
21,5582
21,5527
21,5471
21,5416
21,536
21,5305
21,525
21,5194
21,5139
21,5084
21,5029
21,4974
21,4919
21,4864
21,4809
21,4754
21,47
21,4645
21,459
21,4536
21,4481
21,4427
21,4372
21,4318
21,4264
21,4209
21,4155
21,4101
21,4047
21,3993
21,3939
21,3885
21,3831
21,3777
21,3723
21,367
21,3616
21,3562
21,3509
21,3455
21,3402
21,3348
21,3295
21,3242
21,3189
21,3135
21,3082
21,3029
21,2976
21,2923
21,287
21,2817
21,2765
21,2712
21,2659
21,2809
21,2959
21,3109
21,3259
21,3409
21,3559
21,3709
21,3859
21,4009
21,4159
21,4309
21,4459
21,4609
21,4759
21,4909
21,5059
21,5209
21,5359
21,5509
21,5659
21,5809
21,5959
21,6109
21,6259
21,6409
21,6559
21,6709
21,6859
21,7009
21,7159
21,7309
21,7459
21,7609
21,7759
21,7909
21,8059
21,8059
21,8059
21,8059
21,8059
21,8059
21,8059
21,8059
21,8059
21,8059
21,8059
21,8059
21,8059
21,8059
21,8059
21,8059
21,8059
21,8059
21,8059
21,8059
21,8059
21,8059
21,8059
21,8059
21,8059
21,8059
21,8059
21,8059
21,8059
21,8059
21,8059
21,8059
21,8059
21,8059
21,8059
21,8059
21,8059
21,8059
21,8059
21,8059
21,8059
21,8059
21,8059
21,8059
21,8059
21,8059
21,8059
21,8059
21,8059
21,8059
21,8059
21,8059
21,8059
21,8059
21,8059
21,8059
21,8059
21,8059
21,8059
21,8059
21,8059
21,8059
21,8059
21,8059
21,8059
21,8059
21,8059
21,8059
21,8059
21,8059
21,8059
21,8059
21,8059
21,8059
21,8059
21,8059
21,8059
21,8059
21,8059
21,8059
21,8059
21,8059
21,8059
21,8059
21,8059
21,8059
21,8059
21,8059
21,8059
21,8059
21,8059
21,8059
21,8059
21,8059
21,8059
21,8059
21,8059
21,8059
21,8059
21,8059
21,8059
21,8059
21,8059
21,8059
21,8059
21,8059
21,8059
21,8059
21,8059
21,8059
21,8059
21,8059
21,8059
21,8059
21,8059
21,8059
21,8059
21,8059
21,8059
21,8059
21,8059
21,8059
21,8059
21,8059
21,8059
21,8059
21,8059
21,8059
21,8059
21,8059
21,8059
21,8059
21,8059
21,8059
21,8059
21,8059
21,8059
21,8059
21,8059
21,8059
21,8059
21,8059
21,8059
21,8059
21,8059
21,8059
21,8059
21,8059
21,8059
21,8059
21,8059
21,8059
21,8059
21,8059
21,8059
21,8059
21,8059
21,8059
21,8059
21,8059
21,8059
21,8059
21,8059
21,8059
21,8059
21,8059
21,8059
21,8059
21,8059
21,8059
21,8059
21,8059
21,8059
21,8059
21,8059
21,8059
21,8059
21,8059
21,8059
21,8059
21,8059
21,8059
21,8059
21,8059
21,8059
21,8059
21,8059
21,8059
21,8059
21,8059
21,8059
21,8059
21,8059
21,8059
21,8059
21,8059
21,8059
21,8059
21,8059
21,8059
21,8059
21,8059
21,8059
21,8059
21,8059
21,8059
21,8059
21,8059
21,8059
21,8059
21,8059
21,8059
21,8059
21,8059
21,8059
21,8059
21,8059
21,8059
21,8059
21,8059
21,8059
21,8059
21,8059
21,8059
21,8059
21,8059
21,8059
21,8059
21,8059
21,8059
21,8059
21,8059
21,8059
21,8059
21,8059
21,8059
21,8059
21,8059
21,8059
21,8059
21,8059
21,8059
21,8059
21,8059
21,8059
21,8059
21,8059
21,8059
21,8059
21,8059
21,8059
21,8059
21,8059
21,8059
21,8059
21,8059
21,8059
21,8059
21,8059
21,8059
21,8059
21,8059
21,8059
21,8059
21,8059
21,8059
21,8059
21,8059
21,8059
21,8059
21,8059
21,8059
21,8059
21,8059
21,8059
21,8059
21,8059
21,8059
21,8059
21,8059
21,8059
21,8059
21,8059
21,8059
21,8059
21,8059
21,8059
21,8059
21,8059
21,8059
21,8059
21,8059
21,8059
21,8059
21,8059
21,8059
21,8059
21,8059
21,8059
21,8059
21,8059
21,8059
21,8059
21,8059
21,8059
21,8059
21,8059
21,8059
21,8059
21,8059
21,8059
21,8059
21,8059
21,8059
21,8059
21,8059
21,8059
21,8059
21,8059
21,8059
21,8059
21,8059
21,8059
21,8059
21,8059
21,8059
21,8059
21,8059
21,8059
21,8059
21,8059
21,8059
21,8059
21,8059
21,8059
21,8059
21,8059
21,8059
21,8059
21,8059
21,8059
21,8059
21,8059
21,8059
21,8059
21,8059
21,8059
21,8059
21,8059
21,8059
21,8059
21,8059
21,8059
21,8059
21,8059
21,8059
21,8059
21,8059
21,8059
21,8059
21,8059
21,8059
21,8059
21,8059
21,8059
21,8059
21,8059
21,8059
21,8059
21,8059
21,8059
21,8059
21,8059
21,8059
21,8059
21,8059
21,8059
21,8059
21,8059
21,8059
21,8059
21,8059
21,8059
21,8059
21,8059
21,8059
21,8059
21,8059
21,8059
21,8059
21,8059
21,8059
21,8059
21,8059
21,8059
21,8059
21,8059
21,8059
21,8059
21,8059
21,8059
21,8059
21,8059
21,8059
21,8059
21,8059
21,8059
21,8059
21,8059
21,8059
21,8059
21,8059
21,8059
21,8059
21,8059
21,8059
21,7991
21,7923
21,7855
21,7787
21,7719
21,7651
21,7583
21,7515
21,7448
21,738
21,7312
21,7245
21,7177
21,7109
21,7042
21,6974
21,6907
21,684
21,6772
21,6705
21,6638
21,657
21,6503
21,6436
21,6369
21,6302
21,6235
21,6168
21,6101
21,6034
21,5967
21,59
21,5833
21,5766
21,57
21,5633
21,5566
21,55
21,5433
21,5367
21,53
21,5234
21,5167
21,5101
21,5034
21,4968
21,4902
21,4836
21,4769
21,4703
21,4637
21,4571
21,4505
21,4439
21,4373
21,4307
21,4241
21,4175
21,411
21,426
21,441
21,456
21,471
21,486
21,501
21,516
21,531
21,546
21,561
21,576
21,591
21,606
21,621
21,636
21,651
21,666
21,681
21,696
21,711
21,726
21,741
21,756
21,771
21,786
21,801
21,801
21,801
21,801
21,801
21,801
21,801
21,801
21,801
21,801
21,801
21,801
21,801
21,801
21,801
21,801
21,801
21,801
21,801
21,801
21,801
21,801
21,801
21,801
21,801
21,801
21,801
21,801
21,801
21,801
21,801
21,801
21,801
21,801
21,801
21,801
21,801
21,801
21,801
21,801
21,801
21,801
21,801
21,801
21,801
21,801
21,801
21,801
21,801
21,801
21,801
21,801
21,801
21,801
21,801
21,801
21,801
21,801
21,801
21,801
21,801
21,801
21,801
21,801
21,801
21,801
21,801
21,801
21,801
21,801
21,801
21,801
21,801
21,801
21,801
21,801
21,801
21,801
21,801
21,801
21,801
21,801
21,801
21,801
21,801
21,801
21,801
21,801
21,801
21,801
21,801
21,801
21,801
21,801
21,801
21,801
21,801
21,801
21,801
21,801
21,801
21,801
21,801
21,801
21,801
21,801
21,801
21,801
21,801
21,801
21,801
21,801
21,801
21,801
21,801
21,801
21,801
21,801
21,801
21,801
21,801
21,801
21,801
21,801
21,801
21,801
21,801
21,801
21,801
21,801
21,801
21,801
21,801
21,801
21,801
21,801
21,801
21,801
21,801
21,801
21,801
21,801
21,801
21,801
21,801
21,801
21,801
21,801
21,801
21,801
21,801
21,801
21,801
21,801
21,801
21,801
21,801
21,801
21,801
21,801
21,801
21,801
21,801
21,801
21,801
21,801
21,801
21,801
21,801
21,801
21,801
21,801
21,801
21,801
21,801
21,801
21,801
21,801
21,801
21,801
21,801
21,801
21,801
21,801
21,801
21,801
21,801
21,801
21,801
21,801
21,801
21,801
21,801
21,801
21,801
21,801
21,801
21,801
21,801
21,801
21,801
21,801
21,801
21,801
21,801
21,801
21,801
21,801
21,801
21,801
21,801
21,801
21,801
21,801
21,801
21,801
21,801
21,801
21,801
21,801
21,801
21,801
21,801
21,801
21,801
21,801
21,801
21,801
21,801
21,801
21,801
21,801
21,801
21,801
21,801
21,801
21,801
21,801
21,801
21,801
21,801
21,801
21,801
21,801
21,801
21,801
21,801
21,801
21,801
21,801
21,801
21,801
21,801
21,801
21,801
21,801
21,801
21,801
21,801
21,801
21,801
21,801
21,801
21,801
21,801
21,801
21,801
21,801
21,801
21,801
21,801
21,801
21,801
21,801
21,801
21,801
21,801
21,801
21,801
21,801
21,801
21,801
21,801
21,801
21,801
21,801
21,801
21,801
21,801
21,801
21,801
21,801
21,801
21,801
21,801
21,801
21,801
21,801
21,801
21,801
21,801
21,801
21,801
21,801
21,801
21,801
21,801
21,801
21,801
21,801
21,801
21,801
21,801
21,801
21,801
21,801
21,801
21,801
21,801
21,801
21,801
21,801
21,801
21,801
21,801
21,801
21,801
21,801
21,801
21,801
21,801
21,801
21,801
21,801
21,801
21,801
21,801
21,801
21,801
21,801
21,801
21,801
21,801
21,801
21,801
21,801
21,801
21,801
21,801
21,801
21,801
21,801
21,801
21,801
21,801
21,801
21,801
21,801
21,801
21,801
21,801
21,801
21,801
21,801
21,801
21,801
21,801
21,801
21,801
21,801
21,801
21,801
21,801
21,801
21,801
21,801
21,801
21,801
21,801
21,801
21,801
21,801
21,801
21,801
21,801
21,801
21,801
21,801
21,801
21,801
21,801
21,801
21,801
21,801
21,801
21,801
21,801
21,801
21,801
21,801
21,801
21,801
21,801
21,801
21,801
21,801
21,801
21,801
21,801
21,801
21,801
21,801
21,801
21,801
21,801
21,801
21,801
21,801
21,801
21,801
21,801
21,801
21,801
21,801
21,801
21,801
21,801
21,801
21,801
21,801
21,801
21,801
21,801
21,801
21,801
21,801
21,801
21,801
21,801
21,801
21,801
21,801
21,801
21,801
21,801
21,801
21,801
21,801
21,801
21,801
21,801
21,801
21,801
21,801
21,801
21,801
21,801
21,801
21,801
21,801
21,801
21,801
21,801
21,801
21,801
21,801
21,801
21,801
21,801
21,801
21,801
21,801
21,801
21,801
21,801
21,801
21,801
21,801
21,801
21,801
21,801
21,801
21,801
21,801
21,801
21,801
21,801
21,801
21,801
21,801
21,801
21,801
21,801
21,801
21,801
21,801
21,801
21,801
21,801
21,801
21,801
21,801
21,801
21,801
21,801
21,801
21,801
21,801
21,801
21,801
21,801
21,801
21,801
21,801
21,801
21,801
21,801
21,801
21,801
21,801
21,801
21,801
21,801
21,801
21,801
21,801
21,801
21,801
21,801
21,801
21,801
21,801
21,801
21,801
21,801
21,801
21,801
21,801
21,801
21,801
21,801
21,801
21,801
21,801
21,801
21,801
21,801
21,801
21,801
21,801
21,801
21,801
21,801
21,801
21,801
21,801
21,801
21,801
21,801
21,801
21,801
21,801
21,801
21,801
21,801
21,801
21,801
21,801
21,801
21,801
21,801
21,801
21,801
21,801
21,801
21,801
21,801
21,801
21,801
21,801
21,801
21,801
21,801
21,801
21,801
21,801
21,801
21,801
21,801
21,801
21,801
21,801
21,801
21,801
21,801
21,801
21,801
21,801
21,801
21,801
21,801
21,801
21,801
21,801
21,801
21,801
21,801
21,801
21,801
21,801
21,801
21,801
21,801
21,801
21,801
21,801
21,801
21,801
21,801
21,801
21,801
21,801
21,801
21,801
21,801
21,801
21,801
21,801
21,801
21,801
21,801
21,801
21,801
21,801
21,801
21,801
21,801
21,801
21,801
21,801
21,801
21,801
21,801
21,801
21,801
21,801
21,801
21,801
21,801
21,801
21,801
21,801
21,801
21,801
21,801
21,801
21,801
21,801
21,801
21,801
21,801
21,801
21,801
21,801
21,801
21,801
21,801
21,801
21,801
21,801
21,801
21,801
21,801
21,801
21,801
21,801
21,801
21,801
21,801
21,801
21,801
21,801
21,801
21,801
21,801
21,801
21,801
21,801
21,801
21,801
21,801
21,801
21,801
21,801
21,801
21,801
21,801
21,801
21,801
21,801
21,801
21,801
21,801
21,801
21,801
21,801
21,801
21,801
21,801
21,801
21,801
21,801
21,801
21,801
21,801
21,801
21,801
21,801
21,801
21,801
21,801
21,801
21,801
21,801
21,801
21,801
21,801
21,801
21,801
21,801
21,801
21,801
21,801
21,801
21,801
21,801
21,801
21,801
21,801
21,801
21,801
21,801
21,801
21,801
21,801
21,801
21,801
21,801
21,801
21,801
21,801
21,801
21,801
21,801
21,801
21,801
21,801
21,801
21,801
21,801
21,801
21,801
21,801
21,801
21,801
21,801
21,801
21,801
21,801
21,801
21,801
21,801
21,801
21,801
21,801
21,801
21,801
21,801
21,801
21,801
21,801
21,801
21,801
21,801
21,801
21,801
21,801
21,801
21,801
21,801
21,801
21,801
21,801
21,801
21,801
21,801
21,801
21,801
21,801
21,801
21,801
21,801
21,801
21,801
21,801
21,801
21,801
21,801
21,801
21,801
21,801
21,801
21,801
21,801
21,801
21,801
21,801
21,801
21,801
21,801
21,801
21,801
21,801
21,801
21,801
21,801
21,801
21,801
21,801
21,801
21,801
21,801
21,801
21,801
21,801
21,801
21,801
21,801
21,801
21,801
21,801
21,801
21,801
21,801
21,801
21,801
21,801
21,801
21,801
21,801
21,801
21,801
21,801
21,801
21,801
21,801
21,801
21,801
21,801
21,801
21,801
21,801
21,801
21,801
21,801
21,801
21,801
21,801
21,801
21,801
21,801
21,801
21,801
21,801
21,801
21,801
21,7915
21,782
21,7726
21,7631
21,7537
21,7442
21,7348
21,7254
21,716
21,7066
21,6972
21,6878
21,6784
21,669
21,6596
21,6502
21,6409
21,6315
21,6222
21,6128
21,6035
21,5941
21,5848
21,5755
21,5662
21,5569
21,5476
21,5383
21,529
21,5197
21,5105
21,5012
21,4919
21,4827
21,4734
21,4642
21,455
21,4457
21,4365
21,4273
21,4181
21,4089
21,3997
21,3905
21,3813
21,3721
21,363
21,3538
21,3447
21,3355
21,3264
21,3172
21,3081
21,299
21,2899
21,2807
21,2716
21,2625
21,2534
21,2444
21,2353
21,2262
21,2171
21,2081
21,199
21,19
21,1809
21,1719
21,1629
21,1538
21,1448
21,1358
21,1268
21,1178
21,1088
21,0998
21,0908
21,0819
21,0729
21,0639
21,055
21,046
21,0371
21,0281
21,0192
21,0103
21,0014
20,9925
20,9836
20,9747
20,9658
20,9569
20,948
20,9391
20,9302
20,9214
20,9125
20,9037
20,8948
20,886
20,8772
20,8683
20,8595
20,8507
20,8419
20,8331
20,8243
20,8155
20,8067
20,7979
20,7892
20,7804
20,7716
20,7629
20,7541
20,7454
20,7366
20,7279
20,7192
20,7105
20,7018
20,693
20,6843
20,6757
20,667
20,6583
20,6496
20,6409
20,6323
20,6236
20,6149
20,6063
20,5977
20,589
20,5804
20,5718
20,5631
20,5545
20,5459
20,5373
20,5287
20,5201
20,5116
20,503
20,4944
20,4858
20,4773
20,4687
20,4602
20,4516
20,4431
20,4346
20,426
20,4175
20,409
20,4005
20,392
20,3835
20,375
20,3665
20,358
20,3496
20,3411
20,3326
20,3242
20,3157
20,3073
20,2988
20,2904
20,282
20,2735
20,2651
20,2567
20,2483
20,2399
20,2315
20,2231
20,2147
20,2064
20,198
20,1896
20,1813
20,1729
20,1645
20,1562
20,1479
20,1395
20,1312
20,1229
20,1146
20,1062
20,0979
20,0896
20,0813
20,0731
20,0648
20,0565
20,0482
20,0399
20,0317
20,0234
20,0152
20,0069
19,9987
19,9905
19,9822
19,974
19,9658
19,9576
19,9494
