entrance
0,0,0,0,0,0,0,0,0,0,0,0,0,0,0,0.2,0.4,0.6,0.8,0.6,0.2,0,0,0,0,0,0,0,0,0.25,0.8,0.4,0.2,0,0,0,0,0,0,0,0,0,0,0,0,0,0,0
randomWalks
0,0,0,0,0,0,0,0,0,0,0,0,0,0,0,0.1,0.2,0.25,0.4,0.5,0.6,0.5,0.4,0.25,0.2,0,0,0,0,0,0.2,0.4,0.6,0.5,0.4,0.2,0,0,0,0,0,0,0,0,0,0,0,0
randomWalksDuration
60,360
lunch
0,0,0,0,0,0,0,0,0,0,0,0,0,0,0,0,0,0,0,0,0,0,0,0,0,0,0,0.4,0.8,0.6,0.4,0.2,0,0,0,0,0,0,0,0,0,0,0,0,0,0,0,0
lunchDuration
180,360
exit
0,0,0,0,0,0,0,0,0,0,0,0,0,0,0,0,0,0,0,0,0,0,0,0,0,0,0,0,0,0,0,0,0,0,0.4,0.8,0.6,0.5,0.4,0.2,0.05,0,0,0,0,0,0,0