entrance
0,0,0,0,0,0,0,0,0,0,0,0,0,0.05,0.1,0.15,0.4,0.5,0.5,0.4,0.2,0.1,0.05,0.025,0,0,0.05,0.1,0.2,0.25,0.2,0.1,0.05,0,0,0,0,0,0,0,0,0,0,0,0,0,0,0
randomWalks
0,0.021,0.042,0.062,0.083,0.104,0.125,0.146,0.167,0.188,0.208,0.229,0.25,0.271,0.292,0.312,0.333,0.354,0.375,0.396,0.417,0.438,0.458,0.479,0.5,0.521,0.542,0.562,0.583,0.604,0.625,0.646,0.667,0.688,0.708,0.729,0.75,0.771,0.792,0.812,0.833,0.854,0.875,0.896,0.917,0.938,0.958,1
randomWalksDuration
0,0.021,0.042,0.062,0.083,0.104,0.125,0.146,0.167,0.188,0.208,0.229,0.25,0.271,0.292,0.312,0.333,0.354,0.375,0.396,0.417,0.438,0.458,0.479,0.5,0.521,0.542,0.562,0.583,0.604,0.625,0.646,0.667,0.688,0.708,0.729,0.75,0.771,0.792,0.812,0.833,0.854,0.875,0.896,0.917,0.938,0.958,1
lunch
0,0.021,0.042,0.062,0.083,0.104,0.125,0.146,0.167,0.188,0.208,0.229,0.25,0.271,0.292,0.312,0.333,0.354,0.375,0.396,0.417,0.438,0.458,0.479,0.5,0.521,0.542,0.562,0.583,0.604,0.625,0.646,0.667,0.688,0.708,0.729,0.75,0.771,0.792,0.812,0.833,0.854,0.875,0.896,0.917,0.938,0.958,1
lunchDuration
0,0.021,0.042,0.062,0.083,0.104,0.125,0.146,0.167,0.188,0.208,0.229,0.25,0.271,0.292,0.312,0.333,0.354,0.375,0.396,0.417,0.438,0.458,0.479,0.5,0.521,0.542,0.562,0.583,0.604,0.625,0.646,0.667,0.688,0.708,0.729,0.75,0.771,0.792,0.812,0.833,0.854,0.875,0.896,0.917,0.938,0.958,1
exit
0,0.021,0.042,0.062,0.083,0.104,0.125,0.146,0.167,0.188,0.208,0.229,0.25,0.271,0.292,0.312,0.333,0.354,0.375,0.396,0.417,0.438,0.458,0.479,0.5,0.521,0.542,0.562,0.583,0.604,0.625,0.646,0.667,0.688,0.708,0.729,0.75,0.771,0.792,0.812,0.833,0.854,0.875,0.896,0.917,0.938,0.958,1