entrance
0,0,0,0,0,0,0,0,0,0,0,0,0,0,0,0.2,0.8,0.4,0.2,0.1,0.05,0,0.05,0,0.05,0,0.1,0.15,0.4,0.6,0.8,0.4,0.2,0.05,0.1,0.05,0,0,0,0,0,0,0,0,0,0,0,0
randomWalks
0,0,0,0,0,0,0,0,0,0,0,0,0,0,0,0,0,0,0.15,0.05,0.15,0.05,0.25,0.4,0.5,0.25,0.1,0.05,0.05,0.05,0.2,0.05,0.05,0.05,0.15,0.1,0.05,0.05,0.2,0.1,0.15,0.05,0,0,0,0,0,0
randomWalksDuration
30,120
lunch
0,0,0,0,0,0,0,0,0,0,0,0,0,0,0,0,0,0,0,0,0,0,0,0,0.2,0.4,0.65,0.75,0.8,0.6,0.4,0.25,0.1,0,0,0,0,0,0,0,0,0,0,0,0,0,0,0
lunchDuration
180,360
exit
0,0,0,0,0,0,0,0,0,0,0,0,0,0,0,0,0,0,0.05,0,0.2,0,0.25,0,0.2,0,0.25,0,0.6,0.8,0.4,0.2,0.25,0.15,0.2,0.05,0.2,0.1,0.15,0.05,0.5,0.6,0.8,0,0,0,0,0